id,area,aspects,solidities,extents,perimeters,eccentricities,labels
0,30714.0,0.966244725738,0.765038481667,0.565916754187,933.754393458,0.62,0
1,30677.5,0.966244725738,0.766152192088,0.565244228253,933.511753321,0.61,0
2,30672.0,0.974576271186,0.766206188289,0.565070007369,930.582820296,0.61,0
3,30632.0,0.970464135021,0.764643474833,0.561951935425,932.582821012,0.62,0
4,13466.5,0.70303030303,0.895140914018,0.703578892372,511.521858335,0.67,0
5,13718.0,0.715151515152,0.89388459327,0.70457113508,514.107645512,0.68,0
6,13993.0,0.722891566265,0.88937616621,0.702459839357,523.764499068,0.69,0
7,14500.0,0.732142857143,0.889870809845,0.701703445606,533.421353459,0.7,0
8,14683.0,0.733727810651,0.888210024268,0.700658522619,537.42135334,0.69,0
9,15016.0,0.747058823529,0.886134956855,0.69550717925,545.906634092,0.7,0
10,15273.0,0.754385964912,0.885032155734,0.692370461036,552.391915917,0.71,0
11,15039.0,0.761627906977,0.869356605183,0.66745073673,562.048769951,0.75,0
12,15243.5,0.770114942529,0.862286452866,0.653778521187,570.776691794,0.76,0
13,15661.0,0.794285714286,0.857103760633,0.643823227133,584.19090569,0.74,0
14,15968.0,0.811428571429,0.850266236154,0.642575452716,596.534051061,0.72,0
15,16182.5,0.808988764045,0.854070453336,0.631339731586,597.261973739,0.76,0
16,16410.0,0.83615819209,0.845549396648,0.626431516262,606.676186085,0.74,0
17,16555.0,0.837078651685,0.849802367179,0.624198778373,607.504613757,0.74,0
18,16820.0,0.838888888889,0.844971361173,0.618837380427,614.333040953,0.76,0
19,16915.0,0.855555555556,0.840705761229,0.610209235209,619.161467433,0.75,0
20,17229.5,0.861878453039,0.838663352616,0.610196203428,626.575681329,0.76,0
21,17338.5,0.861878453039,0.833501582379,0.614056523587,631.261972904,0.75,0
22,17519.0,0.868131868132,0.836488644035,0.609229378217,633.161467671,0.74,0
23,17689.0,0.864130434783,0.834563936522,0.604628110473,636.333040476,0.74,0
24,17872.0,0.869565217391,0.834594186819,0.607065217391,641.161467433,0.73,0
25,18212.0,0.881081081081,0.834838410108,0.603946277566,647.98989439,0.72,0
26,18351.5,0.867021276596,0.831325024547,0.598861114737,651.889389277,0.73,0
27,18521.5,0.887096774194,0.82648370894,0.603502769632,655.404108644,0.72,0
28,18505.0,0.887700534759,0.826374309711,0.596127826815,661.646748662,0.74,0
29,18804.0,0.888888888889,0.823004198079,0.592214663643,670.475176096,0.73,0
30,19156.0,0.890052356021,0.820297609163,0.589959963043,675.788884997,0.71,0
31,19509.0,0.90625,0.814759127087,0.583961925287,686.617310882,0.71,0
32,19701.0,0.911917098446,0.814158191528,0.579987046632,690.274165511,0.71,0
33,19931.5,0.912371134021,0.802896329018,0.580450230066,705.203098059,0.72,0
34,20133.5,0.922680412371,0.802851158198,0.579781719749,706.031525373,0.73,0
35,20404.0,0.928571428571,0.805877006178,0.571989235255,711.102592587,0.7,0
36,20697.0,0.94387755102,0.802100487135,0.570794263651,719.931019425,0.71,0
37,20899.0,0.959390862944,0.79544026949,0.561303145059,729.587873936,0.69,0
38,21276.0,0.969849246231,0.791915579655,0.553961517432,739.102592111,0.7,0
39,21472.0,0.97,0.791506927191,0.553402061856,740.759446859,0.69,0
40,21727.5,0.985,0.784230565107,0.551459390863,751.830514669,0.7,0
41,21945.5,0.99504950495,0.782426551688,0.54050293089,759.144222736,0.68,0
42,22280.0,1.01477832512,0.774525478779,0.532784925152,775.386863112,0.66,0
43,22341.0,0.980392156863,0.793162208282,0.547573529412,757.043717861,0.68,0
44,22593.0,0.97572815534,0.791209942948,0.545645558615,766.700571537,0.68,0
45,22950.0,0.985436893204,0.785474704684,0.548806733942,775.185851693,0.66,0
46,23098.5,0.975961538462,0.787565205811,0.547046703297,778.114785433,0.68,0
47,23409.0,0.985576923077,0.782935881525,0.548991557223,788.842707515,0.68,0
48,23522.5,0.980861244019,0.77596159934,0.549013887268,797.428495169,0.67,0
49,23812.0,0.976303317536,0.783070520469,0.547830488198,794.014279842,0.66,0
50,24222.0,0.97641509434,0.784937696956,0.551955154498,801.528998852,0.67,0
51,24473.0,0.976525821596,0.785536597328,0.552388046226,801.67113328,0.64,0
52,24843.0,0.981308411215,0.784111350617,0.552803738318,808.499560952,0.65,0
53,25579.0,0.990740740741,0.779111203499,0.553370543441,826.499560356,0.65,0
54,25983.0,0.990825688073,0.775623514454,0.551796636086,837.126977324,0.65,0
55,26236.5,0.986301369863,0.780012484302,0.554635971588,837.227483153,0.64,0
56,26544.0,0.986363636364,0.782974202372,0.556011730205,839.470122695,0.64,0
57,26919.0,0.995475113122,0.778163209961,0.553661044838,846.298550129,0.65,0
58,27187.0,0.986547085202,0.778997132438,0.554158173665,849.470122814,0.66,0
59,27637.0,0.991071428571,0.777106060125,0.555763352638,863.955405116,0.64,0
60,27599.0,0.986666666667,0.773666356141,0.552532532533,870.783832073,0.65,0
61,28177.5,0.982378854626,0.781286823193,0.556636573754,867.712764144,0.66,0
62,28449.5,0.991189427313,0.775782611323,0.557014194812,881.85489893,0.63,0
63,28735.5,0.991266375546,0.774855060604,0.55278648789,885.168606877,0.66,0
64,28998.5,0.991304347826,0.771585555247,0.552984363082,896.340180993,0.62,0
65,29437.0,1.0,0.771500830099,0.556465028355,896.582821369,0.66,0
66,29606.0,0.995689655172,0.771994782863,0.552433198985,902.239675403,0.64,0
67,30226.5,0.991452991453,0.769523540856,0.556780503979,916.340180516,0.59,0
68,30621.5,0.995762711864,0.763333372977,0.552136675081,932.482315779,0.62,0
69,31300.0,1.0,0.765047355295,0.552573970765,936.381810427,0.62,0
70,31206.5,1.0,0.765015197183,0.550923310501,941.452878833,0.63,0
71,31614.5,0.995833333333,0.764032043781,0.551159344491,942.967597008,0.59,0
72,32070.5,1.0,0.762104485909,0.552168523269,959.45287776,0.62,0
73,32503.5,1.00826446281,0.761759120763,0.550458948652,962.624451637,0.62,0
74,33147.0,1.00409836066,0.762219026704,0.554483104717,971.352372408,0.58,0
75,33573.0,1.0,0.756728123435,0.550295857988,986.180799365,0.58,0
76,33611.5,0.987854251012,0.763021984397,0.557700603969,978.139169812,0.58,0
77,34424.0,0.995983935743,0.756554799331,0.557455628967,999.494510174,0.56,0
78,34927.0,0.996015936255,0.758326456298,0.556605577689,1009.69551873,0.58,0
79,35278.5,0.996031746032,0.759714877823,0.557745209638,1009.93815935,0.56,0
80,35781.5,1.0,0.757256381793,0.559007327095,1019.73714924,0.56,0
81,36689.0,0.976923076923,0.753359820221,0.555557238038,1043.15136313,0.54,0
82,37247.0,0.984674329502,0.760794965561,0.555287207239,1039.49450803,0.52,0
83,37228.5,1.00387596899,0.753842258269,0.557129388525,1048.22242999,0.51,0
84,38133.0,1.0,0.759621512431,0.559783326727,1051.63664484,0.52,0
85,38525.5,0.981203007519,0.752671679686,0.554914585314,1072.36456478,0.5,0
86,38940.0,1.00381679389,0.752245724423,0.565117696572,1071.29349816,0.49,0
87,39542.5,1.0,0.757693338013,0.563082947668,1074.70771205,0.51,0
88,41458.0,0.981751824818,0.755919005997,0.562477952948,1096.26406014,0.49,0
89,41757.0,1.0037037037,0.759128465256,0.570684706847,1093.77877843,0.47,0
90,42005.0,0.974820143885,0.756642347552,0.557553956835,1102.2640605,0.56,0
91,42865.0,1.0,0.758827016545,0.570954765837,1111.57776976,0.49,0
92,43652.5,0.978723404255,0.760576017074,0.560855432213,1112.84984732,0.51,0
93,43838.0,0.971830985915,0.75623177775,0.559272300469,1131.57776868,0.51,0
94,43782.5,0.971830985915,0.754311457447,0.558564247806,1132.99198234,0.51,0
95,43483.5,0.978798586572,0.756471589791,0.554700156906,1127.82041037,0.49,0
96,43530.5,0.992857142857,0.752302851991,0.559230472765,1133.13411713,0.5,0
97,43921.5,0.975352112676,0.755398280538,0.558314689582,1128.99198341,0.53,0
98,43309.0,0.978723404255,0.75626451402,0.556442080378,1128.06305015,0.51,0
99,43644.0,0.971830985915,0.754988538243,0.556797305573,1126.74934125,0.55,0
100,43421.5,0.992831541219,0.755682212399,0.561850601038,1125.3351295,0.52,0
101,43675.0,0.971830985915,0.751255675053,0.557192794448,1131.23462248,0.54,0
102,43752.5,0.968421052632,0.753152298914,0.556222984999,1130.64883757,0.55,0
103,43633.5,0.968421052632,0.755964239235,0.554710144928,1123.82041001,0.56,0
104,43626.5,0.971830985915,0.752752086492,0.556574045724,1127.47726345,0.56,0
105,43944.5,0.968421052632,0.756815636344,0.558663869819,1130.99198282,0.51,0
106,43492.5,0.971830985915,0.759144025276,0.554864513166,1118.99198186,0.55,0
107,43776.5,0.975352112676,0.754000239835,0.556471500483,1127.47726369,0.52,0
108,43450.0,0.975265017668,0.754333728432,0.556281046756,1131.71990502,0.52,0
109,8119.5,0.671532846715,0.884188164171,0.644200253888,405.865004897,0.79,0
110,8335.5,0.664233576642,0.873101488707,0.66860511751,407.865004182,0.79,0
111,8374.0,0.647482014388,0.87750182461,0.669384492406,410.107645631,0.8,0
112,8410.0,0.642857142857,0.874811453947,0.66746031746,412.450791359,0.81,0
113,8687.5,0.657342657343,0.860617159239,0.646295194168,424.835566282,0.78,0
114,8776.5,0.661971830986,0.867628877785,0.657514234342,423.178712487,0.78,0
115,8922.0,0.664335664336,0.862946117971,0.656753772543,428.592926502,0.79,0
116,9061.0,0.685314685315,0.874402886616,0.646567717996,427.078208089,0.78,0
117,9154.0,0.680555555556,0.869408292626,0.648667800454,431.906634569,0.78,0
118,9202.5,0.657534246575,0.865628813229,0.656571061644,433.320847988,0.79,0
119,9339.5,0.678082191781,0.866774933951,0.646153313962,439.663994908,0.78,0
120,9525.0,0.69387755102,0.867446829676,0.635254101641,441.22034359,0.77,0
121,9654.0,0.682119205298,0.859355520212,0.620716260529,450.877197385,0.77,0
122,9704.5,0.688741721854,0.855625102666,0.617963576159,453.4629848,0.78,0
123,9774.5,0.693333333333,0.861682894506,0.626570512821,452.634556651,0.78,0
124,9932.0,0.697368421053,0.847223399751,0.616434955313,463.705624819,0.77,0
125,10049.5,0.692810457516,0.850427343231,0.619651005056,462.77669239,0.78,0
126,10144.5,0.677419354839,0.850656149841,0.62331797235,467.119837403,0.78,0
127,10299.0,0.696774193548,0.848597199781,0.61523297491,473.01933217,0.77,0
128,10431.0,0.694267515924,0.843488449897,0.609536609595,476.6761868,0.79,0
129,10585.0,0.685534591195,0.83781857814,0.610755293982,485.019331694,0.76,0
130,10681.5,0.69375,0.835438576235,0.601435810811,486.57568109,0.77,0
131,10819.5,0.710691823899,0.842213826005,0.602187343463,487.747255087,0.76,0
132,10910.0,0.7125,0.842633706564,0.598135964912,487.989894867,0.77,0
133,11079.5,0.705521472393,0.829925087416,0.591064283809,499.889389634,0.77,0
134,11299.5,0.707317073171,0.83105945772,0.593960260723,503.546243548,0.76,0
135,11438.5,0.709090909091,0.835750551012,0.592514892515,502.717817307,0.76,0
136,11555.5,0.71686746988,0.831181436208,0.584970132631,510.374672174,0.75,0
137,11712.5,0.718562874251,0.827592292333,0.584456087824,513.203098655,0.76,0
138,11804.0,0.715976331361,0.821376377278,0.577240940877,520.96045661,0.77,0
139,12411.5,0.745664739884,0.828897713768,0.556145539275,539.83051455,0.74,0
140,12395.5,0.75,0.82954658973,0.558657833063,537.345233083,0.75,0
141,12573.0,0.763005780347,0.82681747393,0.550578034682,545.244727969,0.74,0
142,12617.5,0.764367816092,0.82488885444,0.545220810647,545.487369776,0.76,0
143,12801.0,0.725714285714,0.841230197534,0.575973003375,535.730008245,0.75,0
144,12864.0,0.717514124294,0.840976688517,0.57226744962,538.901582241,0.74,0
145,12985.5,0.717514124294,0.842694436272,0.577672494328,540.315796018,0.75,0
146,13177.5,0.719101123596,0.835605574917,0.578366397472,546.315796137,0.76,0
147,13225.0,0.709497206704,0.839016648127,0.581753398144,547.244728208,0.75,0
148,13439.0,0.720670391061,0.842385678112,0.582001645663,549.244728088,0.76,0
149,13394.0,0.711111111111,0.841463792421,0.581336805556,548.901583791,0.77,0
150,13912.5,0.729281767956,0.836640803195,0.582307885485,560.658941269,0.75,0
151,13880.5,0.71978021978,0.83984268135,0.582186897072,558.315795302,0.74,0
152,14020.5,0.72131147541,0.843617432272,0.580414803775,559.972650886,0.76,0
153,14141.0,0.72131147541,0.844945023632,0.585403212452,562.07315433,0.75,0
154,14137.0,0.717391304348,0.844378074694,0.582056982872,562.558436394,0.76,0
155,14369.0,0.718918918919,0.839703127398,0.583986994513,570.558436394,0.77,0
156,14701.0,0.727272727273,0.843793939769,0.578051273986,578.901582122,0.75,0
157,14745.0,0.716577540107,0.847584279323,0.588434831192,570.215291619,0.76,0
158,14835.5,0.723404255319,0.842614938559,0.580237015019,576.457931519,0.76,0
159,14986.0,0.715789473684,0.84221765902,0.579953560372,582.558437467,0.77,0
160,15097.0,0.721052631579,0.844705548498,0.579984633116,581.043718338,0.76,0
161,15381.5,0.717277486911,0.843052886582,0.587820537318,586.457931519,0.77,0
162,15416.5,0.722513089005,0.847293207764,0.584888838303,584.457931876,0.75,0
163,15733.0,0.730569948187,0.843931871563,0.578142799397,593.528998733,0.75,0
164,15842.0,0.716494845361,0.841764076292,0.587480531039,595.043716908,0.76,0
165,16003.0,0.723076923077,0.841554476012,0.582033096927,601.528998852,0.75,0
166,16135.0,0.723076923077,0.843131102873,0.586833969813,599.528998852,0.76,0
167,16315.0,0.720812182741,0.838580345719,0.583220132981,606.700573325,0.76,0
168,16518.5,0.713567839196,0.842136116023,0.584560124566,609.77163887,0.76,0
169,16700.0,0.723618090452,0.843093695259,0.582774986041,612.700572014,0.78,0
170,16980.0,0.73,0.840448432992,0.581506849315,620.357425928,0.75,0
171,17097.0,0.721393034826,0.841905695719,0.586618630983,620.357427478,0.77,0
172,17274.0,0.722772277228,0.84019552596,0.585718160857,625.528998971,0.76,0
173,17363.5,0.727722772277,0.844097125281,0.58474776049,623.771640062,0.76,0
174,17596.0,0.730392156863,0.840827634917,0.578891959468,634.014281273,0.75,0
175,17886.0,0.736585365854,0.84115972986,0.577806493297,635.327988744,0.76,0
176,17941.0,0.714975845411,0.842142316738,0.585618226923,635.671133518,0.77,0
177,18173.5,0.724637681159,0.837411294639,0.585297906602,644.600066066,0.76,0
178,18528.5,0.727272727273,0.840028105182,0.583244145052,648.742202044,0.76,0
179,18523.5,0.730769230769,0.844684097473,0.585890055668,643.913775682,0.77,0
180,18873.0,0.728571428571,0.843222228383,0.587394957983,653.327989578,0.76,0
181,18939.0,0.725118483412,0.841097833454,0.586655515287,656.499561787,0.76,0
182,19259.5,0.72641509434,0.845697846858,0.589913624112,657.085347533,0.75,0
183,19356.5,0.727699530516,0.841202925442,0.586294108738,661.085348368,0.77,0
184,19873.0,0.744186046512,0.841773086635,0.577703488372,672.984841824,0.77,0
185,20054.0,0.73732718894,0.84085619891,0.577592165899,678.156415701,0.76,0
186,20185.0,0.73732718894,0.844348695539,0.581365207373,675.813269258,0.76,0
187,20605.0,0.739726027397,0.842344088292,0.580782456734,683.47012651,0.76,0
188,20812.5,0.745454545455,0.841045013978,0.576843126386,689.712765098,0.76,0
189,20962.5,0.737556561086,0.844717114584,0.581919884518,692.399056315,0.76,0
190,21273.0,0.743243243243,0.843413615449,0.580753480753,693.470124722,0.77,0
191,21477.5,0.732142857143,0.842172332743,0.584644490418,697.227483869,0.77,0
192,21820.5,0.737777777778,0.8428483107,0.58421686747,706.541191816,0.77,0
193,21992.0,0.735682819383,0.843009100746,0.580126091429,709.470123172,0.76,0
194,22270.5,0.740088105727,0.844923739112,0.583975770925,711.026472807,0.77,0
195,22595.0,0.742358078603,0.838637836731,0.58040071924,719.955404878,0.76,0
196,22855.0,0.74347826087,0.842860300771,0.581108568523,723.61225903,0.75,0
197,23049.0,0.74025974026,0.841373265285,0.583504215083,726.783830881,0.76,0
198,23361.0,0.74678111588,0.839810184995,0.576217256179,733.269114017,0.76,0
199,23802.5,0.75641025641,0.838086684138,0.574689748419,742.683327913,0.75,0
200,24208.0,0.752100840336,0.835003360175,0.568236233041,756.92596674,0.75,0
201,24622.5,0.748953974895,0.837941769171,0.575547556158,755.168607473,0.76,0
202,24842.0,0.75,0.841402899824,0.575046296296,757.411249518,0.75,0
203,25119.0,0.759336099585,0.83894993207,0.569553091626,764.239675522,0.77,0
204,25443.0,0.753086419753,0.840507413562,0.572151386359,766.239675879,0.77,0
205,25635.0,0.753086419753,0.840230089512,0.576469000877,771.068101048,0.77,0
206,26139.0,0.771428571429,0.834991771678,0.5644962747,784.724957824,0.78,0
207,26372.0,0.761133603239,0.840997509915,0.567921440262,783.553384066,0.77,0
208,26617.0,0.770161290323,0.833774489533,0.561919439284,795.55338335,0.77,0
209,27007.0,0.76,0.839796010946,0.568568421053,792.381812692,0.78,0
210,27411.5,0.772908366534,0.837503816567,0.562933831684,803.452878118,0.78,0
211,27728.5,0.766798418972,0.838745290041,0.564942341388,807.452880502,0.77,0
212,28014.5,0.779527559055,0.833021109625,0.557036904478,812.766588092,0.77,0
213,28516.5,0.76171875,0.841356009732,0.571243990385,817.452878237,0.77,0
214,12507.0,0.796052631579,0.868632143149,0.680023923445,500.592927098,0.69,0
215,12678.5,0.785714285714,0.871344621344,0.680396050231,503.178714037,0.69,0
216,13239.5,0.806451612903,0.871765319867,0.683329032258,514.007141232,0.72,0
217,13507.0,0.825806451613,0.869960061381,0.680796370968,520.735061526,0.71,0
218,13758.0,0.833333333333,0.869301482518,0.678402366864,527.906634212,0.71,0
219,13997.5,0.834394904459,0.876020897606,0.680580541644,527.320847631,0.72,0
220,14297.0,0.848101265823,0.871396349903,0.675278669941,533.906636,0.65,0
221,14457.0,0.8625,0.863826476674,0.654755434783,540.877197981,0.65,0
222,14560.5,0.863354037267,0.861033080861,0.6506322892,545.605118394,0.67,0
223,15018.5,0.871165644172,0.856926846645,0.648859414154,553.605119348,0.65,0
224,15165.0,0.866666666667,0.855354066074,0.642720915448,557.504613161,0.64,0
225,15248.0,0.877300613497,0.858848705312,0.654167917972,559.01933217,0.68,0
226,15563.5,0.895705521472,0.855395856685,0.653983528028,562.918826938,0.65,0
227,15762.0,0.885542168675,0.854239488095,0.645930661421,574.676186681,0.69,0
228,16198.0,0.909638554217,0.853379690989,0.646213995053,574.81832242,0.65,0
229,16304.0,0.899408284024,0.847819865069,0.634693241981,580.818322539,0.65,0
230,16561.0,0.917159763314,0.846763468418,0.632219889292,583.646748185,0.62,0
231,16684.5,0.923076923077,0.851771488402,0.63285161584,579.889389277,0.64,0
232,16922.5,0.918128654971,0.843909732732,0.630331135695,593.060962558,0.67,0
233,17292.5,0.93023255814,0.845992021497,0.62836119186,595.546244144,0.62,0
234,17368.5,0.936046511628,0.843294810433,0.627202802253,599.060963631,0.65,0
235,17658.5,0.942528735632,0.839082913571,0.61881483039,606.374672174,0.66,0
236,17838.5,0.942857142857,0.838610343236,0.617783549784,613.889390588,0.66,0
237,18055.0,0.96,0.83418036946,0.614115646259,620.960457683,0.63,0
238,18252.0,0.954802259887,0.835503875693,0.610169491525,622.61731112,0.65,0
239,18646.0,0.977401129944,0.827203758364,0.608928513112,634.475176573,0.66,0
240,19035.5,0.994350282486,0.826498487608,0.611052259887,641.889390349,0.63,0
241,19157.5,0.994413407821,0.823093444369,0.601264829578,650.374671102,0.65,0
242,19482.0,1.00552486188,0.817386558068,0.591403072066,660.617311358,0.62,0
243,19811.5,1.01657458564,0.81680065629,0.594868484266,663.688378334,0.61,0
244,20039.0,1.02747252747,0.80869266608,0.588793559382,681.102592707,0.66,0
245,20434.5,1.04395604396,0.806142372108,0.590934065934,691.68837893,0.62,0
246,20725.5,1.03243243243,0.805530720955,0.58654308759,698.173660517,0.59,0
247,21069.5,1.06557377049,0.801914437079,0.590430152725,705.830514669,0.62,0
248,21353.5,1.05376344086,0.799816462657,0.585733486943,715.688379645,0.61,0
249,21716.5,1.06989247312,0.79525771017,0.58671043389,724.658942699,0.6,0
250,21919.0,1.06914893617,0.795175037928,0.580051868318,733.386864781,0.6,0
251,22282.0,1.07407407407,0.794069953158,0.580759506868,736.558436036,0.59,0
252,22602.5,1.06806282723,0.792111301084,0.580086746741,745.14422369,0.6,0
253,23012.5,1.08333333333,0.784552704266,0.57623447516,762.457932711,0.6,0
254,23206.0,1.0890052356,0.790570116713,0.584122029803,759.730010509,0.65,0
255,23406.5,1.08808290155,0.787501048743,0.57751048606,766.114786863,0.59,0
256,23358.5,1.09793814433,0.780607212456,0.565279996128,776.256920815,0.63,0
257,23802.0,1.10824742268,0.786647935928,0.5706545193,780.357427001,0.64,0
258,23905.5,1.11282051282,0.780358422732,0.564941510103,790.742202282,0.65,0
259,24660.0,1.13705583756,0.777060025911,0.558828861494,808.984842658,0.64,0
260,25059.5,1.15656565657,0.775523780598,0.552677429315,812.541193485,0.63,0
261,25404.0,1.15577889447,0.776892610661,0.555036049814,815.955405474,0.61,0
262,25669.0,1.15422885572,0.775662524474,0.550458912335,824.298550487,0.62,0
263,25969.5,1.16417910448,0.77785598521,0.552143130501,828.884338617,0.62,0
264,26741.0,1.18137254902,0.775866068659,0.543914246196,841.612260222,0.63,0
265,26854.0,1.18536585366,0.778681510798,0.539074575931,842.097540975,0.63,0
266,27221.0,1.15533980583,0.783789228955,0.555213347475,836.440687656,0.63,0
267,27744.5,1.15384615385,0.781337123599,0.555779246795,845.653891683,0.62,0
268,27823.0,1.15865384615,0.782457075573,0.555039099904,847.754397035,0.63,0
269,28265.0,1.16267942584,0.781448712244,0.556540059464,854.239676237,0.64,0
270,28738.0,1.15639810427,0.786222365982,0.558192836609,855.896528244,0.64,0
271,29216.0,1.16037735849,0.780831983802,0.560208620954,869.89653194,0.62,0
272,29196.5,1.15962441315,0.779696093629,0.55495048564,868.967600465,0.63,0
273,29702.0,1.15887850467,0.783094727562,0.559654808562,877.210240245,0.64,0
274,29993.5,1.15740740741,0.778586816243,0.555435185185,887.452878237,0.66,0
275,30446.5,1.15137614679,0.781932582261,0.556425673453,890.281308174,0.63,0
276,30586.5,1.15596330275,0.778807590923,0.556766055046,898.766588688,0.65,0
277,31204.0,1.15454545455,0.777601951786,0.558410880458,909.009225488,0.64,0
278,31760.5,1.15765765766,0.777833560007,0.556674378659,918.080294728,0.65,0
279,32024.0,1.15246636771,0.774068790278,0.558775802202,923.009227395,0.62,0
280,32361.0,1.15695067265,0.778086339962,0.562467410575,923.494508624,0.63,0
281,32808.0,1.16517857143,0.773855713994,0.561165845649,941.979789615,0.64,0
282,33215.5,1.16444444444,0.776643750522,0.563452078032,938.908721805,0.62,0
283,34118.5,1.16666666667,0.773346478142,0.56256595436,957.39400363,0.65,0
284,34596.0,1.1652173913,0.773639543425,0.561258922777,965.636645675,0.64,0
285,35129.0,1.17391304348,0.772125326625,0.565684380032,975.979791522,0.64,0
286,35575.5,1.17316017316,0.774938733813,0.568289643935,977.192993164,0.61,0
287,35952.5,1.16738197425,0.772001587331,0.567288879071,985.192994118,0.62,0
288,36419.5,1.17521367521,0.771951204952,0.56595959596,996.84984982,0.61,0
289,37049.5,1.16949152542,0.770468108282,0.568802198477,999.192993045,0.63,0
290,37639.0,1.17299578059,0.772843002807,0.571274625869,1008.60720646,0.65,0
291,38036.5,1.1625,0.772793301897,0.568048088411,1012.50670195,0.61,0
292,38673.5,1.16115702479,0.768597092894,0.568711214376,1029.47726262,0.62,0
293,39251.5,1.1646090535,0.771702692949,0.570773168143,1037.47726679,0.63,0
294,40404.5,1.16599190283,0.769023599602,0.56798948493,1059.96254623,0.59,0
295,40865.5,1.17004048583,0.769689320219,0.572482243671,1059.96254778,0.6,0
296,41499.0,1.15537848606,0.767405734846,0.570119521912,1076.54833019,0.58,0
297,42019.5,1.172,0.769242737656,0.573645051195,1083.61939836,0.61,0
298,42602.0,1.17063492063,0.772251022782,0.573069679849,1088.83260393,0.62,0
299,42757.0,1.16141732283,0.774765794889,0.570625917523,1084.20518517,0.6,0
300,43434.5,1.16929133858,0.777657420769,0.575764203717,1090.93310714,0.6,0
301,44562.5,1.16666666667,0.767353157634,0.573830126967,1123.90367091,0.56,0
302,45613.5,1.16923076923,0.775034618544,0.577093876518,1120.9331069,0.6,0
303,47514.5,1.17490494297,0.778071624972,0.584671514883,1146.44782555,0.6,0
304,48436.5,1.17228464419,0.778227651607,0.579585023513,1153.56052482,0.59,0
305,48670.0,1.17100371747,0.775277765481,0.574378946126,1162.14631069,0.57,0
306,49458.5,1.16666666667,0.778966018382,0.581522633745,1163.07524264,0.58,0
307,50002.5,1.17343173432,0.777758765638,0.580223490914,1175.56052458,0.59,0
308,51153.0,1.17090909091,0.774558420426,0.577673630717,1192.14631176,0.6,0
309,51816.5,1.16606498195,0.773213258663,0.579142962524,1209.35951376,0.58,0
310,52871.5,1.16785714286,0.77699644244,0.57745194408,1213.84479403,0.59,0
311,53133.0,1.16725978648,0.775030630762,0.576479906258,1225.60215425,0.58,0
312,53041.0,1.17857142857,0.774507727008,0.574036796537,1221.25900996,0.57,0
313,52826.0,1.14285714286,0.767434933402,0.56116682247,1229.11687446,0.58,0
314,7834.5,0.692307692308,0.842374056853,0.669615384615,417.521858573,0.82,0
315,8051.0,0.725190839695,0.836858782424,0.646926476497,431.078207374,0.8,0
316,8085.0,0.704545454545,0.83076447975,0.658602150538,439.078206897,0.79,0
317,8308.5,0.736842105263,0.827663487297,0.637448212368,445.320847988,0.78,0
318,8451.5,0.725925925926,0.822050376208,0.638813303099,458.835567117,0.77,0
319,8485.5,0.761194029851,0.811698863481,0.620829675154,461.320847988,0.75,0
320,8759.0,0.739130434783,0.818636377227,0.622264847968,467.220342398,0.76,0
321,8918.5,0.753623188406,0.815815945702,0.621411649944,472.835566759,0.77,0
322,9091.0,0.776978417266,0.807335368702,0.605582200906,479.705623984,0.75,0
323,9416.0,0.834532374101,0.791426763678,0.58397419995,498.048769832,0.71,0
324,9419.0,0.816901408451,0.787739392927,0.571818844099,502.877197027,0.75,0
325,9443.0,0.821428571429,0.791932230863,0.58652173913,501.220342755,0.73,0
326,9639.0,0.835714285714,0.791704305612,0.588461538462,504.04877007,0.68,0
327,9806.0,0.835714285714,0.79668521106,0.598656898657,506.39191556,0.67,0
328,9876.0,0.829787234043,0.796837172851,0.598654300782,508.735062122,0.67,0
329,10048.0,0.839160839161,0.791804564288,0.585547785548,524.048769712,0.69,0
330,10222.0,0.819444444444,0.800187868017,0.601577212806,513.563488603,0.7,0
331,10530.0,0.848275862069,0.794716975134,0.590412111018,526.39191556,0.7,0
332,10628.0,0.835616438356,0.799969885966,0.596676397934,529.563489079,0.67,0
333,10726.0,0.849315068493,0.797887370394,0.592465753425,529.563488483,0.63,0
334,10837.5,0.832214765101,0.797578740083,0.586571768781,533.948264956,0.67,0
335,10956.0,0.838926174497,0.792477390289,0.588241610738,540.877196789,0.69,0
336,11202.5,0.84,0.797728399931,0.592724867725,543.462983131,0.66,0
337,11430.0,0.86,0.799133043424,0.590697674419,548.877196908,0.7,0
338,11332.5,0.828947368421,0.797698231108,0.591713659148,546.634556532,0.68,0
339,11640.5,0.848684210526,0.797458376396,0.593660750714,548.291411042,0.64,0
340,11796.0,0.849673202614,0.801004985563,0.593061840121,554.190905094,0.68,0
341,12024.0,0.849673202614,0.804415448708,0.604524886878,552.877197385,0.67,0
342,12069.0,0.839743589744,0.806293210366,0.590575455079,556.190905213,0.65,0
343,12079.5,0.839743589744,0.805783464707,0.591089254257,558.776691914,0.68,0
344,12246.0,0.858974358974,0.800261389967,0.585820895522,565.019332886,0.64,0
345,12367.0,0.852564102564,0.803495430572,0.596057451321,560.53405118,0.68,0
346,12611.0,0.841772151899,0.810449530475,0.600123727039,559.019332528,0.69,0
347,12900.5,0.854430379747,0.807947636952,0.60480543835,571.94826436,0.69,0
348,12931.5,0.860759493671,0.808016740765,0.601801005212,571.261973023,0.64,0
349,13010.0,0.85534591195,0.809583069013,0.601646318905,570.190905094,0.62,0
350,13164.0,0.8625,0.807582584537,0.596195652174,574.19090569,0.62,0
351,13321.5,0.850931677019,0.812261816333,0.603957927189,575.94826448,0.64,0
352,13496.5,0.851851851852,0.811673076668,0.603708176776,585.948264599,0.66,0
353,13514.5,0.834355828221,0.815698932788,0.609640021653,579.605118632,0.69,0
354,13772.0,0.846625766871,0.817547708186,0.612252156131,587.019332051,0.65,0
355,13892.0,0.858895705521,0.815641141289,0.608764241893,588.877197027,0.64,0
356,14089.0,0.854545454545,0.81239728521,0.605587792822,595.847759724,0.6,0
357,14328.0,0.849397590361,0.818836433771,0.612150730582,592.190904856,0.63,0
358,14525.5,0.861445783133,0.817877247647,0.611909175162,600.43354547,0.64,0
359,14638.0,0.867469879518,0.818680084907,0.612366131191,601.504613757,0.61,0
360,14742.5,0.857142857143,0.815178320071,0.609395667989,604.918827176,0.66,0
361,14979.0,0.857142857143,0.824585060557,0.619171626984,604.676186085,0.65,0
362,15210.5,0.863905325444,0.821789395312,0.61645862041,608.433546185,0.66,0
363,15282.5,0.847953216374,0.820602997178,0.61635410365,610.090399504,0.65,0
364,15498.0,0.854651162791,0.823179471912,0.612956810631,618.818321466,0.66,0
365,15602.5,0.859649122807,0.824503919336,0.620698571826,616.918827415,0.62,0
366,15870.0,0.861271676301,0.828655714546,0.615665127827,617.989894629,0.65,0
367,15893.5,0.85549132948,0.8268390343,0.620742852679,621.261972904,0.63,0
368,16239.5,0.862068965517,0.830282730046,0.622203065134,622.918827057,0.64,0
369,16158.5,0.85632183908,0.825866955478,0.623254647844,627.404108167,0.64,0
370,16365.0,0.857142857143,0.828481745413,0.623428571429,627.989895105,0.68,0
371,16399.0,0.862857142857,0.825023892816,0.620586565752,635.646748424,0.64,0
372,16576.5,0.853107344633,0.826655026422,0.620215512403,634.23253572,0.68,0
373,16854.0,0.865168539326,0.821385053748,0.614840215964,648.475176692,0.63,0
374,17211.5,0.865921787709,0.823359161771,0.62034600829,651.546243668,0.66,0
375,17377.5,0.871508379888,0.828427045368,0.622314138376,650.717816114,0.66,0
376,17475.5,0.872222222222,0.825679183436,0.618382873319,654.232535005,0.62,0
377,17584.5,0.85635359116,0.826883283989,0.626786669043,656.232535124,0.65,0
378,17902.0,0.868131868132,0.821494122515,0.622548337738,665.303603411,0.62,0
379,18058.0,0.857923497268,0.827722133121,0.628519717378,662.818321466,0.62,0
380,18397.5,0.859459459459,0.828249855585,0.625446200918,669.404108167,0.64,0
381,18533.5,0.869565217391,0.831359615882,0.629534646739,669.404108405,0.65,0
382,18732.5,0.865591397849,0.826512824785,0.625542643425,681.546243906,0.67,0
383,18816.5,0.860962566845,0.828409787671,0.624987544425,675.889389396,0.67,0
384,19031.5,0.857142857143,0.824767060348,0.62157880985,688.717816472,0.67,0
385,19357.0,0.862433862434,0.824614463557,0.628331223423,688.960457325,0.67,0
386,19667.0,0.86387434555,0.826396618163,0.624052038712,697.78888464,0.64,0
387,20035.0,0.864583333333,0.829108813221,0.628608182731,695.788883328,0.64,0
388,20251.5,0.85641025641,0.827622138468,0.621879318287,702.031524658,0.64,0
389,20370.0,0.870466321244,0.831174126977,0.628238341969,703.931019306,0.67,0
390,20739.0,0.862244897959,0.823499043744,0.626101920058,712.61731112,0.66,0
391,20929.5,0.862944162437,0.829597475753,0.624947745596,714.859951019,0.62,0
392,21227.5,0.863636363636,0.82850340211,0.626956701518,719.68837893,0.66,0
393,21560.5,0.865,0.82634190895,0.62313583815,723.002087831,0.64,0
394,21769.5,0.875,0.822173121753,0.621985714286,731.830514789,0.63,0
395,22111.0,0.875621890547,0.823316946592,0.625028267752,736.41630125,0.64,0
396,22499.5,0.881188118812,0.822726023137,0.625750917788,749.830515027,0.65,0
397,22653.5,0.881773399015,0.822179070075,0.623427910945,751.972650409,0.63,0
398,22860.0,0.882352941176,0.813089095454,0.622549019608,765.244727731,0.66,0
399,23091.5,0.878640776699,0.819355980416,0.619307514885,761.972649574,0.65,0
400,23305.5,0.878640776699,0.816133209076,0.625046934506,765.48736918,0.64,0
401,23535.0,0.87922705314,0.813557561527,0.624701385571,773.386863351,0.63,0
402,23923.5,0.888888888889,0.815096843955,0.628111216131,777.972650886,0.64,0
403,24228.0,0.885167464115,0.818554991575,0.626613216087,775.386864066,0.66,0
404,24287.5,0.872037914692,0.811341236642,0.62557953843,785.286358833,0.65,0
405,24696.5,0.872641509434,0.81772428251,0.629691483937,781.487368703,0.64,0
406,25124.0,0.8779342723,0.815079156453,0.630764982049,792.55843699,0.62,0
407,25283.0,0.8779342723,0.81542281876,0.634756847681,793.386863589,0.66,0
408,25574.0,0.86976744186,0.812853598586,0.636090038552,800.073154449,0.62,0
409,25977.0,0.87962962963,0.809920960263,0.632967836257,808.558435798,0.57,0
410,26213.0,0.875576036866,0.813828215856,0.635774921174,811.043716192,0.64,0
411,26484.5,0.872146118721,0.810518420827,0.633161203949,820.11478436,0.63,0
412,27168.5,0.885844748858,0.812224395545,0.639469472297,826.801076651,0.61,0
413,27288.5,0.877828054299,0.806445414013,0.636481317349,837.629503727,0.6,0
414,27545.5,0.878378378378,0.804483058398,0.636301686302,844.943210959,0.61,0
415,28150.0,0.883408071749,0.806590255569,0.640777583028,850.357426047,0.58,0
416,28421.0,0.888392857143,0.802195938914,0.637585247667,855.327987909,0.59,0
417,28733.0,0.876651982379,0.801120836444,0.636065791513,865.671134233,0.59,0
418,7790.5,0.727272727273,0.86986376876,0.614780618687,402.835566521,0.8,0
419,8066.0,0.725925925926,0.860832434783,0.609674981104,415.078207612,0.79,0
420,8564.0,0.798507462687,0.84649598847,0.59729390431,435.563488364,0.79,0
421,8315.0,0.715328467153,0.851336123156,0.619320720989,422.735060811,0.79,0
422,8296.0,0.702898550725,0.860268565767,0.61975197968,420.048769116,0.79,0
423,8415.0,0.712230215827,0.85933111198,0.611510791367,425.220342517,0.8,0
424,8539.0,0.712230215827,0.863004690859,0.620521764407,425.563488245,0.79,0
425,8679.5,0.719424460432,0.858506420786,0.624424460432,427.806129336,0.79,0
426,8806.5,0.719424460432,0.852516932696,0.633561151079,437.80612886,0.78,0
427,9138.5,0.706293706294,0.837549254536,0.632728657481,449.462983727,0.79,0
428,9133.0,0.689655172414,0.843539292107,0.629862068966,450.877196789,0.8,0
429,9280.0,0.708333333333,0.84667669498,0.631808278867,452.048769951,0.79,0
430,9322.5,0.691780821918,0.849121041542,0.632205343822,451.119837046,0.78,0
431,9507.5,0.698630136986,0.847937562114,0.638430029546,455.119838238,0.79,0
432,9567.5,0.689189189189,0.837674553801,0.633777159512,463.94826448,0.8,0
433,9702.5,0.691275167785,0.842267452213,0.632208249169,465.119837165,0.79,0
434,9954.5,0.7,0.840822697518,0.632031746032,471.605118632,0.79,0
435,9945.0,0.693333333333,0.840339677719,0.6375,471.362478375,0.79,0
436,10072.5,0.695364238411,0.841900695069,0.635288552507,475.94826436,0.79,0
437,10099.5,0.697368421053,0.842397190405,0.626830933466,475.605118155,0.79,0
438,10235.5,0.699346405229,0.837533746522,0.625221428135,483.605119109,0.79,0
439,10400.0,0.703947368421,0.846595296133,0.639449090015,477.362478137,0.79,0
440,10481.5,0.683870967742,0.84354753657,0.637948874011,482.433545113,0.79,0
441,10712.5,0.692307692308,0.842707671156,0.635832146249,491.261972666,0.79,0
442,10823.5,0.68152866242,0.840921444791,0.644294303232,492.776691794,0.79,0
443,10853.0,0.694267515924,0.837261324303,0.634196225092,498.676186204,0.79,0
444,10979.0,0.685534591195,0.843435500934,0.633489123536,495.161467433,0.78,0
445,10992.0,0.691823899371,0.844304471585,0.628473413379,495.504614234,0.79,0
446,11162.5,0.698113207547,0.844428467778,0.632472094736,498.090399742,0.79,0
447,11276.5,0.689440993789,0.843323480213,0.630994348386,502.918827057,0.78,0
448,11499.5,0.687116564417,0.839226412412,0.629902497809,510.232535005,0.78,0
449,11647.5,0.689024390244,0.838945504815,0.628507446579,515.404108167,0.78,0
450,11771.0,0.682926829268,0.843194836367,0.640842770035,515.504614234,0.79,0
451,11830.5,0.693251533742,0.843589554738,0.642298713285,513.404108405,0.79,0
452,11966.5,0.701219512195,0.842651919987,0.634490986214,517.404108047,0.78,0
453,11996.0,0.686746987952,0.839057138987,0.633904037201,520.818321824,0.79,0
454,12112.5,0.688622754491,0.844547477029,0.630695131476,522.232534528,0.79,0
455,12295.0,0.684523809524,0.842844895679,0.636387163561,523.989894509,0.78,0
456,12435.0,0.694610778443,0.844281489328,0.641905843485,525.989893794,0.8,0
457,12635.0,0.696428571429,0.844754958583,0.642806267806,528.475176096,0.78,0
458,12715.0,0.694117647059,0.842694761953,0.633848454636,534.475175619,0.78,0
459,12849.5,0.690058479532,0.844306453484,0.636807414015,533.889389992,0.78,0
460,12968.0,0.691860465116,0.847637094924,0.633574359977,536.132030606,0.78,0
461,13169.0,0.689655172414,0.84378803842,0.630699233716,541.788884282,0.8,0
462,13307.0,0.691428571429,0.843523179338,0.628429752066,547.445737958,0.78,0
463,13538.5,0.697142857143,0.845786213246,0.634121779859,550.374670267,0.79,0
464,13749.5,0.698863636364,0.848027872773,0.635139504804,553.203097463,0.77,0
465,13818.0,0.698863636364,0.842381193999,0.638303769401,553.445739031,0.78,0
466,14028.5,0.702247191011,0.842299604669,0.630494382022,562.516805649,0.79,0
467,14120.5,0.692737430168,0.845083482883,0.636173184358,562.031524062,0.78,0
468,14307.0,0.694444444444,0.844195304061,0.635866666667,565.445738196,0.78,0
469,14425.5,0.690607734807,0.84258636814,0.637591160221,571.688379765,0.79,0
470,14692.0,0.701657458564,0.845266514137,0.639143863923,575.102591753,0.78,0
471,15097.0,0.710382513661,0.840122421591,0.634594367381,588.416300893,0.77,0
472,15325.5,0.718918918919,0.837939796944,0.622861207072,596.315795302,0.76,0
473,15150.5,0.693548387097,0.843709969128,0.631428690506,588.173660398,0.77,0
474,15399.5,0.704301075269,0.842446451804,0.632007715669,592.173659444,0.78,0
475,15591.5,0.711229946524,0.840761407206,0.62689477705,598.315795302,0.77,0
476,15584.5,0.696808510638,0.843910755164,0.632796004548,594.658940911,0.78,0
477,16128.5,0.719576719577,0.840354300689,0.627470432617,609.487368226,0.77,0
478,16063.5,0.703703703704,0.843316879235,0.639038071369,606.658940792,0.77,0
479,16450.0,0.717277486911,0.840765629088,0.628654412046,617.386862755,0.76,0
480,16334.5,0.701570680628,0.842788221537,0.638215988122,611.487367988,0.78,0
481,16502.5,0.694300518135,0.846868340406,0.638098368262,610.315795064,0.77,0
482,16637.5,0.692307692308,0.844093245508,0.63200379867,614.801077247,0.77,0
483,16708.0,0.69587628866,0.847283141828,0.637953417335,616.558435917,0.78,0
484,16976.0,0.697435897436,0.845460427086,0.64012066365,621.730008841,0.77,0
485,17197.5,0.695431472081,0.847919333163,0.637204046093,628.801076651,0.77,0
486,17425.0,0.700507614213,0.844254943946,0.640954903259,632.901581168,0.78,0
487,17688.5,0.698492462312,0.847414181391,0.639474350168,632.801075935,0.77,0
488,17781.0,0.695,0.848775593829,0.639604316547,634.21528995,0.77,0
489,17772.0,0.691542288557,0.845983573267,0.636100075164,635.528997898,0.78,0
490,17909.5,0.696517412935,0.848530069654,0.63644278607,638.114785194,0.77,0
491,18229.0,0.69801980198,0.851941857027,0.640018257145,637.043717384,0.77,0
492,18397.5,0.699507389163,0.848612740845,0.638225907167,646.457930565,0.79,0
493,18652.5,0.696078431373,0.848766832687,0.6439001657,649.286358237,0.79,0
494,18930.0,0.70243902439,0.850079705189,0.641260162602,653.528998017,0.78,0
495,19098.0,0.70243902439,0.850842017059,0.646951219512,657.528998017,0.78,0
496,19420.0,0.705314009662,0.849221616017,0.642578254252,664.357425332,0.78,0
497,19390.5,0.701923076923,0.845417680304,0.63851751844,667.08534658,0.78,0
498,19535.5,0.695238095238,0.848447336163,0.637165688193,667.428492546,0.78,0
499,19844.0,0.704761904762,0.846207966371,0.638481338481,674.8427068,0.78,0
500,20315.5,0.715639810427,0.847750789318,0.6376290763,683.913773298,0.78,0
501,20449.0,0.707547169811,0.849652016829,0.643050314465,681.671133518,0.78,0
502,20638.0,0.705607476636,0.847504257038,0.638670545274,686.984842539,0.77,0
503,20866.0,0.706976744186,0.847728931308,0.638494492044,693.813267589,0.77,0
504,21041.0,0.705069124424,0.846788470514,0.633745971507,702.984841466,0.76,0
505,21143.0,0.708333333333,0.846786948168,0.639766400387,697.813270211,0.8,0
506,21410.0,0.706422018349,0.849805505875,0.637733825807,702.156414032,0.78,0
507,21716.0,0.709090909091,0.847437119871,0.632750582751,708.298550606,0.77,0
508,21913.5,0.713636363636,0.847160471461,0.634438332368,717.227481961,0.78,0
509,22395.5,0.723981900452,0.848780577026,0.633356900452,720.055909753,0.77,0
510,22568.5,0.717488789238,0.846006781827,0.632525224215,727.369616866,0.78,0
511,22800.0,0.71875,0.84662371346,0.632209405501,730.298550248,0.78,0
512,22990.5,0.723214285714,0.847607281936,0.633556547619,732.541190147,0.78,0
513,23444.5,0.726872246696,0.847136401636,0.625937792017,741.026471376,0.77,0
514,23490.0,0.722466960352,0.849732307735,0.630976684216,737.955404758,0.78,0
515,23838.5,0.724890829694,0.847756891667,0.627097911296,745.511753082,0.78,0
516,24135.5,0.731601731602,0.844710820388,0.618240733625,755.854898453,0.77,0
517,24481.5,0.731601731602,0.848064429382,0.627103665565,757.369618058,0.78,0
518,24960.0,0.735042735043,0.847365559318,0.62015503876,765.269112229,0.78,0
519,25166.0,0.748936170213,0.836983451112,0.608462282398,776.925966263,0.78,0
520,25350.0,0.75641025641,0.838515477512,0.612052730697,777.269112945,0.77,0
521,25637.5,0.746835443038,0.839294188076,0.611158788052,783.168606997,0.78,0
522,25933.0,0.743697478992,0.84101116946,0.61560556426,786.92596662,0.78,0
523,26422.5,0.75,0.837334218005,0.611631944444,797.997034669,0.77,0
524,13194.0,1.27692307692,0.829003167799,0.61139944393,546.818321824,0.77,0
525,13374.5,1.26717557252,0.832187407322,0.615032649683,545.261972427,0.8,0
526,13508.0,1.26515151515,0.830214186225,0.612774451098,551.989894032,0.79,0
527,13662.5,1.25563909774,0.836240660814,0.615123137184,548.918826222,0.79,0
528,13845.0,1.26865671642,0.828868196313,0.607769973661,559.646748185,0.79,0
529,14060.0,1.26865671642,0.832346668054,0.617208077261,559.989894509,0.78,0
530,14333.5,1.25735294118,0.835285542918,0.616335569315,562.232535005,0.77,0
531,14337.5,1.26666666667,0.835542988808,0.621074290665,565.747253537,0.77,0
532,14509.0,1.28148148148,0.835050354906,0.621237422393,567.989893913,0.78,0
533,14633.5,1.26470588235,0.839173065494,0.625577120383,569.404108524,0.78,0
534,14887.0,1.2700729927,0.832513137051,0.624507089521,578.818321586,0.77,0
535,14961.0,1.27737226277,0.832901874278,0.624025026069,580.818321228,0.78,0
536,15001.0,1.27737226277,0.828029692115,0.625693430657,582.818321586,0.78,0
537,15222.0,1.27536231884,0.833967945027,0.626729249012,583.646748424,0.78,0
538,15293.0,1.27536231884,0.833269760621,0.629652503294,586.475176096,0.79,0
539,15416.0,1.28985507246,0.82917383375,0.627585083863,592.96045661,0.79,0
540,15687.0,1.27142857143,0.834503666164,0.629494382022,590.960457325,0.8,0
541,15832.5,1.27857142857,0.836392927249,0.631783719074,593.889389396,0.77,0
542,16251.5,1.27659574468,0.852716631148,0.640327029157,590.717815638,0.79,0
543,16301.5,1.27464788732,0.843719264822,0.634250252899,595.889389753,0.77,0
544,16615.0,1.27272727273,0.843550880392,0.638400061477,600.960456491,0.78,0
545,16683.5,1.27272727273,0.847501964149,0.641032044878,599.889389873,0.77,0
546,16937.5,1.26896551724,0.838552363599,0.634838830585,610.374670506,0.79,0
547,16958.5,1.26896551724,0.83836760511,0.635625937031,615.688378811,0.78,0
548,17101.0,1.27586206897,0.840591816552,0.637502329916,617.445738077,0.78,0
549,17616.0,1.28082191781,0.845094742888,0.645227455864,618.617311478,0.77,0
550,17603.5,1.26351351351,0.844596373542,0.636056511057,620.859951138,0.78,0
551,17868.5,1.26174496644,0.847531182244,0.637887334,622.516806483,0.75,0
552,18165.0,1.26174496644,0.855125334329,0.648472083393,622.274164796,0.77,0
553,18383.5,1.26666666667,0.851265305961,0.645035087719,628.859951854,0.76,0
554,18489.5,1.2582781457,0.851815162389,0.644457999303,628.859951735,0.76,0
555,18480.0,1.25,0.845457037032,0.639889196676,634.274165511,0.77,0
556,19170.0,1.26797385621,0.849169431454,0.645845967253,642.416300297,0.77,0
557,19399.5,1.26623376623,0.850389037368,0.646003996004,648.315794706,0.78,0
558,19366.5,1.25806451613,0.847456510896,0.640744416873,646.173660159,0.75,0
559,19753.0,1.26282051282,0.846514813489,0.642750227776,652.901581526,0.76,0
560,19981.5,1.26923076923,0.848003221797,0.646901709402,657.487368107,0.77,0
561,20476.0,1.27215189873,0.849133280048,0.6447509289,663.730007648,0.75,0
562,20609.5,1.27215189873,0.848564072677,0.648954594118,668.801077008,0.77,0
563,20877.5,1.27672955975,0.849784268765,0.646822815008,671.629503608,0.75,0
564,20994.0,1.275,0.84574789169,0.643198529412,677.872144818,0.75,0
565,21382.0,1.28125,0.84738239271,0.651890243902,681.043717384,0.76,0
566,21449.5,1.25925925926,0.846885792728,0.649040789155,684.801076174,0.75,0
567,21605.5,1.27160493827,0.848072692542,0.64741399976,685.629503489,0.77,0
568,21916.5,1.27607361963,0.846425671624,0.646428150071,689.972650051,0.77,0
569,22134.5,1.2743902439,0.844554244445,0.645772552223,697.62950325,0.76,0
570,22400.5,1.28048780488,0.848054059029,0.650421022067,698.45793128,0.77,0
571,22519.5,1.26666666667,0.854792177435,0.653023053502,695.629504323,0.76,0
572,22760.0,1.27108433735,0.848146074723,0.649803003483,701.872143745,0.77,0
573,22901.5,1.25748502994,0.856627201344,0.653022526376,700.801076174,0.76,0
574,23215.5,1.26785714286,0.850914485757,0.648767605634,712.114784479,0.75,0
575,23389.0,1.26035502959,0.853332843762,0.64974859016,715.528998375,0.75,0
576,23840.5,1.26470588235,0.852740764186,0.652270861833,718.943211555,0.75,0
577,24184.0,1.26900584795,0.847075303513,0.651736869054,729.18585217,0.75,0
578,24557.0,1.28070175439,0.848240960093,0.655745146733,732.014279246,0.76,0
579,24735.5,1.27906976744,0.848486404773,0.653686575053,736.60006547,0.75,0
580,24915.0,1.27011494253,0.847016825269,0.64791699173,743.327988625,0.75,0
581,24971.5,1.26285714286,0.843617503611,0.64567550097,748.399055481,0.76,0
582,25503.0,1.27428571429,0.850922555634,0.653504163997,747.671134472,0.75,0
583,25673.5,1.27840909091,0.843316304488,0.648320707071,756.399056554,0.75,0
584,25989.5,1.26553672316,0.853205735684,0.655505952381,753.913775206,0.73,0
585,26279.0,1.26966292135,0.849600721446,0.65325146664,762.156414866,0.76,0
586,26594.0,1.27932960894,0.841728779244,0.648776560708,774.298549771,0.75,0
587,26664.0,1.27374301676,0.848942162635,0.653337253749,773.813269854,0.75,0
588,27230.0,1.27222222222,0.850419273098,0.660601649685,775.813269854,0.74,0
589,27578.0,1.28333333333,0.855118522643,0.663251563252,775.327988386,0.74,0
590,27942.0,1.28021978022,0.849701224438,0.658916191105,786.298549771,0.74,0
591,28143.5,1.27322404372,0.853466965312,0.660041276765,786.884337306,0.75,0
592,28332.0,1.27868852459,0.85318075479,0.661622530475,792.298550129,0.74,0
593,28632.5,1.28804347826,0.847466403695,0.65658824069,806.198045015,0.75,0
594,28686.0,1.28260869565,0.849905188285,0.660602431835,801.470122576,0.75,0
595,28896.5,1.27272727273,0.839319166274,0.649272008269,823.026472449,0.75,0
596,29173.0,1.28877005348,0.83394316839,0.647325093749,835.411248207,0.75,0
597,29298.0,1.28191489362,0.83108999126,0.646640769842,841.95540607,0.75,0
598,30122.5,1.27894736842,0.839253870391,0.65242581763,837.997034907,0.75,0
599,30722.5,1.28645833333,0.826796020219,0.647825995277,868.825461268,0.75,0
600,31607.5,1.28865979381,0.831218522225,0.651701030928,877.310743809,0.74,0
601,31873.5,1.28717948718,0.827367353267,0.651210542446,890.482314944,0.74,0
602,31881.0,1.2806122449,0.825301904438,0.648040491097,890.724956751,0.75,0
603,32486.5,1.29591836735,0.820210816587,0.652549011731,905.796023965,0.74,0
604,32486.0,1.28140703518,0.814267092405,0.64018129865,916.523945808,0.74,0
605,33194.0,1.29,0.814137150951,0.643294573643,923.210237384,0.75,0
606,33581.5,1.28217821782,0.81843217816,0.641872778011,920.967596889,0.73,0
607,33858.5,1.27586206897,0.81811481946,0.643979306541,930.62445116,0.73,0
608,34908.5,1.28780487805,0.819371418601,0.645020325203,950.908722281,0.73,0
609,35161.5,1.26442307692,0.819300267218,0.64275921322,949.595013976,0.72,0
610,35576.5,1.26923076923,0.819093335131,0.647882065851,955.251867771,0.74,0
611,36200.5,1.27751196172,0.821832750668,0.648719602889,962.423440695,0.73,0
612,36502.5,1.28708133971,0.817827414794,0.649268067092,969.109732866,0.75,0
613,37016.5,1.27962085308,0.819429530987,0.649754256626,976.423441529,0.73,0
614,37795.5,1.28301886792,0.824932064158,0.655443604329,977.251867652,0.72,0
615,38052.5,1.28638497653,0.816489645282,0.652008155992,995.251869082,0.73,0
616,38404.0,1.28971962617,0.816550432011,0.650209941758,1000.80821729,0.74,0
617,39092.5,1.27188940092,0.818836859297,0.652716556468,1005.25186896,0.73,0
618,39506.5,1.28110599078,0.820011206733,0.654883466499,1012.08029592,0.74,0
619,40127.5,1.29493087558,0.818218890109,0.658075995867,1019.39400434,0.73,0
620,40756.5,1.28767123288,0.820694305752,0.659938793355,1020.56557631,0.74,0
621,41474.0,1.29090909091,0.820519920824,0.663796414853,1035.97978985,0.73,0
622,42030.5,1.28251121076,0.821052527161,0.659012512152,1041.05085695,0.73,0
623,42873.0,1.3018018018,0.822180244082,0.668240905265,1050.80821657,0.73,0
624,43305.5,1.29464285714,0.820972907883,0.666648706897,1060.36456525,0.73,0
625,44316.5,1.29074889868,0.823038349293,0.666303318248,1068.36456692,0.72,0
626,45151.0,1.29955947137,0.82685809886,0.674247741357,1064.95035112,0.73,0
627,45844.5,1.28820960699,0.827831848123,0.678624824217,1070.02142024,0.73,0
628,46613.0,1.28571428571,0.828425185582,0.679420467299,1081.43563437,0.71,0
629,47371.5,1.29310344828,0.830343290891,0.680625,1086.16355586,0.72,0
630,48744.5,1.30341880342,0.833388897437,0.682983046098,1092.99198151,0.73,0
631,49536.5,1.29237288136,0.835009143212,0.688198110586,1091.19299316,0.71,0
632,50247.0,1.28870292887,0.829767732362,0.68259251209,1122.06304932,0.71,0
633,51254.5,1.3,0.834003187917,0.684488514957,1122.16355443,0.72,0
634,52471.5,1.30165289256,0.831244850087,0.688331365604,1126.99198091,0.71,0
635,53655.0,1.28571428571,0.835279281345,0.695238095238,1136.06304944,0.7,0
636,54113.5,1.29268292683,0.836013779452,0.691740808918,1138.84984612,0.7,0
637,54353.5,1.27822580645,0.838083709167,0.691379617381,1136.1635555,0.7,0
638,54177.5,1.28744939271,0.836066078447,0.689755047997,1138.64883602,0.7,0
639,54170.5,1.28744939271,0.834515692918,0.689665928246,1139.3351264,0.71,0
640,53909.5,1.28744939271,0.835294663214,0.686343034655,1141.82040763,0.71,0
641,54091.5,1.28744939271,0.832401029766,0.688660148193,1148.16355622,0.69,0
642,54337.0,1.28744939271,0.835446150669,0.691785705192,1137.92091429,0.71,0
643,54140.0,1.28340080972,0.833859564074,0.69145199811,1143.09248662,0.72,0
644,54072.0,1.28340080972,0.837410271196,0.690583532357,1140.26406026,0.71,0
645,54162.0,1.28340080972,0.834822012169,0.691732972324,1143.57776856,0.71,0
646,54604.5,1.28629032258,0.833643759891,0.690217666094,1145.67827499,0.7,0
647,54255.0,1.28744939271,0.831691818238,0.69074173096,1148.74934196,0.71,0
648,54719.0,1.27309236948,0.839976358593,0.693233501831,1145.92091525,0.7,0
649,53338.5,1.28048780488,0.835745006251,0.688327526132,1128.84984636,0.7,0
650,52097.5,1.25806451613,0.830801736904,0.673303091398,1133.33512723,0.7,0
651,43384.5,1.23931623932,0.81427364712,0.639323607427,1069.87928438,0.68,0
652,42742.5,1.23076923077,0.811515092441,0.634237001425,1069.53613925,0.67,0
653,41914.5,1.2380952381,0.809636946832,0.63443374807,1058.02141964,0.69,0
654,41226.5,1.23043478261,0.809688409828,0.633376862805,1051.67827296,0.69,0
655,40416.5,1.2422907489,0.806081032308,0.631369700378,1040.0214206,0.71,0
656,39569.0,1.2389380531,0.803953836393,0.625300252845,1035.43563449,0.71,0
657,39272.5,1.24215246637,0.809992779602,0.63577568762,1013.73714817,0.7,0
658,38795.5,1.23214285714,0.809538215868,0.627515204451,1010.08029461,0.69,0
659,38222.5,1.2443438914,0.81163005338,0.628918140683,997.737148523,0.71,0
660,37629.5,1.23076923077,0.81303948401,0.625989819005,987.251868367,0.7,0
661,36695.0,1.24311926606,0.802989188142,0.621128000271,989.636643529,0.7,0
662,35996.5,1.23041474654,0.806553885712,0.621282728387,975.737149,0.71,0
663,35952.5,1.23148148148,0.811541368099,0.625739696463,966.908722401,0.69,0
664,35166.0,1.23364485981,0.806809446028,0.622451146984,963.494507074,0.71,0
665,34766.5,1.23004694836,0.813641627415,0.622988567538,945.109732032,0.7,0
666,34150.0,1.24170616114,0.807614991587,0.617741760428,950.666080356,0.73,0
667,33841.0,1.24761904762,0.802651706408,0.615067248273,952.32293582,0.72,0
668,33224.0,1.23333333333,0.803939358997,0.610847582276,939.494507313,0.71,0
669,32667.5,1.25242718447,0.805471309995,0.614651539098,921.938159347,0.72,0
670,32427.5,1.23188405797,0.808786848883,0.614331723027,919.251868963,0.7,0
671,32013.0,1.24509803922,0.810691718321,0.617820750347,908.52394712,0.72,0
672,31227.0,1.23645320197,0.808696325662,0.612858909191,899.210236788,0.72,0
673,30941.5,1.23762376238,0.805673812169,0.612702970297,898.28130424,0.71,0
674,30314.5,1.23383084577,0.806376100107,0.608138741775,890.28130579,0.72,0
675,29896.5,1.24120603015,0.804761838505,0.608233475068,885.109732628,0.72,0
676,29403.5,1.22613065327,0.805332637273,0.605558530357,872.624450803,0.7,0
677,28693.5,1.22959183673,0.804934494334,0.607449826404,863.653889418,0.72,0
678,28606.5,1.24226804124,0.812661569806,0.611851392394,850.825461149,0.73,0
679,28311.5,1.24352331606,0.810022457377,0.611215457686,848.482316136,0.71,0
680,27848.5,1.234375,0.815774439207,0.612001142757,835.997034907,0.72,0
681,27272.5,1.22513089005,0.817766114489,0.61020494921,818.683325052,0.72,0
682,27072.5,1.22513089005,0.811951710844,0.605730075625,829.168607116,0.71,0
683,26925.0,1.23157894737,0.809080935712,0.605600539811,822.582821369,0.71,0
684,26103.0,1.22872340426,0.816829124539,0.601063829787,801.612257242,0.72,0
685,25747.0,1.23655913978,0.813825581396,0.601846657317,801.955403447,0.72,0
686,25391.0,1.22702702703,0.819487474763,0.604619597571,788.783830285,0.73,0
687,25051.5,1.22404371585,0.819560307457,0.611131440281,784.055909872,0.72,0
688,24233.5,1.22222222222,0.821585974974,0.611957070707,768.884335995,0.72,0
689,23983.5,1.21666666667,0.818549485261,0.608409436834,766.884335876,0.73,0
690,24170.5,1.24157303371,0.823540432295,0.614431338655,768.884336948,0.73,0
691,24146.0,1.23728813559,0.836659733761,0.622913603178,752.298551083,0.75,0
692,23732.0,1.22598870056,0.831796989829,0.617876018641,751.470123529,0.74,0
693,23647.0,1.23428571429,0.836218325455,0.625582010582,738.641695976,0.75,0
694,23036.0,1.22857142857,0.821819086988,0.612252491694,746.298550248,0.75,0
695,22717.5,1.22159090909,0.81677961847,0.600356765328,746.88433671,0.74,0
696,22388.5,1.2183908046,0.821084091315,0.606931793537,735.570627689,0.76,0
697,22310.0,1.22543352601,0.822306583531,0.60829970553,731.671134353,0.76,0
698,8839.0,0.770992366412,0.810137016542,0.668052301413,469.078207731,0.74,0
699,9036.5,0.787878787879,0.807082563238,0.658253205128,477.32084775,0.73,0
700,9181.0,0.768656716418,0.814171056497,0.665193450225,477.56348896,0.73,0
701,9242.5,0.733333333333,0.821957394086,0.691545080434,483.320848584,0.76,0
702,9431.5,0.757352941176,0.819667137534,0.673293832096,483.806129456,0.75,0
703,9586.5,0.795620437956,0.803865659269,0.641967454631,497.806129813,0.65,0
704,9637.5,0.775362318841,0.804297927776,0.652681836652,498.634556532,0.67,0
705,9743.0,0.775362318841,0.82039406517,0.659826628742,484.877196908,0.67,0
706,10084.5,0.776978417266,0.82091252537,0.671762589928,495.320848346,0.66,0
707,10135.5,0.735714285714,0.834815906146,0.702877947295,484.977702856,0.7,0
708,10394.5,0.805555555556,0.815350819192,0.622276101533,505.605118513,0.73,0
709,10521.5,0.8125,0.824116857334,0.624495489079,503.11983788,0.72,0
710,10617.0,0.794326241135,0.828708575665,0.672302431611,502.391915083,0.6,0
711,10971.5,0.755102040816,0.82205071875,0.672396886683,516.291410446,0.65,0
712,11087.0,0.738255033557,0.829803152236,0.676449054301,514.534051299,0.69,0
713,11252.0,0.75,0.829732314507,0.684928171415,518.877197027,0.7,0
714,11153.0,0.809523809524,0.810744006028,0.63756931344,530.534051299,0.64,0
715,11437.5,0.832214765101,0.81347794585,0.619046330375,529.119836569,0.69,0
716,11348.5,0.804054054054,0.821908377172,0.644361798774,523.119837165,0.69,0
717,11809.0,0.743421052632,0.833762835219,0.687529110387,527.705624104,0.7,0
718,11790.0,0.785234899329,0.82920138672,0.67630356221,530.048769712,0.63,0
719,11951.0,0.82119205298,0.818141360136,0.638271736808,548.04877007,0.64,0
720,12084.5,0.814569536424,0.822914533041,0.650648791256,544.2914114,0.63,0
721,12282.5,0.789473684211,0.833502980229,0.673382675439,539.119837165,0.64,0
722,12534.0,0.771241830065,0.836967040587,0.694250581589,543.705623865,0.66,0
723,12485.5,0.772727272727,0.83095403926,0.681299792644,545.119838119,0.63,0
724,12804.0,0.818181818182,0.827639696017,0.659863945578,558.048770428,0.62,0
725,12959.0,0.84076433121,0.822062922976,0.625313646014,563.847760201,0.67,0
726,12984.0,0.846153846154,0.821902194512,0.630536130536,564.676186085,0.66,0
727,13038.0,0.787096774194,0.83670783997,0.689476467478,551.705624223,0.61,0
728,13553.0,0.811320754717,0.829157867125,0.660767393106,572.534051418,0.58,0
729,13696.5,0.844720496894,0.821847524396,0.625525210084,576.43354547,0.63,0
730,14422.0,0.80981595092,0.833135953132,0.670291875813,585.362478256,0.6,0
731,14665.0,0.84756097561,0.829749910435,0.643314616599,592.190905094,0.66,0
732,14874.5,0.84756097561,0.829217299425,0.652504825408,599.119837284,0.61,0
733,14729.0,0.787878787879,0.83861416666,0.686666666667,586.190905571,0.6,0
734,14962.0,0.763313609467,0.835655836043,0.686298793633,593.847759366,0.67,0
735,15096.0,0.752941176471,0.839552856685,0.69375,596.190904498,0.64,0
736,15199.0,0.802395209581,0.835086943573,0.679193851104,605.01933229,0.59,0
737,15478.0,0.839285714286,0.833494879733,0.653411009794,603.019332051,0.62,0
738,15819.0,0.863905325444,0.833456265366,0.641120207506,615.504613876,0.62,0
739,15559.5,0.815476190476,0.836195078134,0.676029718457,608.776692033,0.62,0
740,15887.5,0.761627906977,0.842704074457,0.705108290431,608.776691437,0.67,0
741,16096.5,0.765714285714,0.832764235952,0.686417910448,621.261972785,0.63,0
742,16471.0,0.843930635838,0.832625615041,0.652110222504,631.161468148,0.58,0
743,16819.0,0.857954545455,0.833738160741,0.632864238411,633.646749377,0.64,0
744,16686.5,0.829545454545,0.83940338629,0.64938122665,623.404108882,0.64,0
745,16624.5,0.789772727273,0.836916024784,0.679549542184,626.918826699,0.63,0
746,17342.5,0.801136363636,0.845501300024,0.698843488072,634.433545828,0.53,0
747,17739.0,0.843575418994,0.840392264353,0.656295090458,645.646748543,0.64,0
748,18040.0,0.872928176796,0.83346808273,0.63081334359,660.132030368,0.64,0
749,17897.0,0.85393258427,0.834942846583,0.661479893554,655.989895225,0.61,0
750,18012.5,0.798882681564,0.846133968216,0.703695745595,640.776691914,0.58,0
751,18212.0,0.743315508021,0.843636359728,0.700650175047,647.989894509,0.63,0
752,19473.5,0.867021276596,0.827585470655,0.635475133795,686.859951735,0.59,0
753,19241.0,0.842391304348,0.836692536531,0.674649368864,673.161468267,0.6,0
754,19891.0,0.784210526316,0.837974466706,0.702613917344,683.161467671,0.61,0
755,20048.0,0.835106382979,0.831573922759,0.679224827212,689.303603053,0.6,0
756,20899.5,0.880208333333,0.825170266212,0.644092085799,714.173661113,0.61,0
757,20885.5,0.864583333333,0.823187431476,0.655293047189,714.516807318,0.6,0
758,20472.0,0.79274611399,0.833092555667,0.693284567713,690.818321586,0.59,0
759,20624.0,0.742424242424,0.840389548754,0.708582422868,695.161468029,0.64,0
760,20835.0,0.752525252525,0.83641107653,0.706223306894,698.818321705,0.63,0
761,21432.0,0.825641025641,0.828882482823,0.682656473961,716.960458398,0.54,0
762,22065.5,0.873737373737,0.819121683796,0.644172943306,741.002086282,0.64,0
763,22312.0,0.874371859296,0.814098584982,0.644371281696,747.587873697,0.62,0
764,21932.0,0.817258883249,0.826468700959,0.691490367941,725.788884163,0.62,0
765,22083.5,0.736585365854,0.842592236092,0.713406557907,713.546243787,0.61,0
766,22148.0,0.741463414634,0.836689203896,0.710783055199,718.27416563,0.62,0
767,22984.0,0.83,0.822016770723,0.692289156627,746.132030725,0.5,0
768,23485.0,0.872549019608,0.816954809834,0.646755893369,767.244727731,0.65,0
769,23792.0,0.878048780488,0.807041940242,0.644769647696,781.244729042,0.6,0
770,23493.5,0.831683168317,0.827833468427,0.692288425271,744.516806841,0.5,0
771,23516.0,0.747619047619,0.829108342456,0.713254473764,748.960456848,0.61,0
772,23620.5,0.748815165877,0.834794130289,0.708515807787,751.203097939,0.64,0
773,24299.0,0.80193236715,0.827256321018,0.707147430301,761.788884521,0.53,0
774,25219.0,0.880952380952,0.809858700033,0.649137709138,799.730010033,0.57,0
775,25623.5,0.877358490566,0.802690931637,0.649814871171,815.972649217,0.58,0
776,25154.5,0.805687203791,0.829046023338,0.701268469473,771.345232368,0.56,0
777,25146.5,0.746543778802,0.828618499617,0.715324002958,776.03152442,0.63,0
778,25317.0,0.759259259259,0.826124550664,0.71468495935,780.274165392,0.6,0
779,26372.5,0.822429906542,0.814632335661,0.700204439252,803.830514669,0.49,0
780,27505.5,0.880184331797,0.796498998649,0.663630660844,846.943211317,0.52,0
781,27200.5,0.808219178082,0.821481959979,0.701712973712,813.830513835,0.55,0
782,26983.5,0.754464285714,0.829801953288,0.712793216399,800.173661113,0.6,0
783,27216.0,0.754464285714,0.829351533309,0.718934911243,808.416300178,0.59,0
784,28029.0,0.805429864253,0.817362647797,0.712517158981,826.073154807,0.48,0
785,29152.0,0.883408071749,0.792173910891,0.663586078168,882.357426524,0.54,0
786,29882.5,0.898678414097,0.788404456729,0.645298868446,902.055909634,0.51,0
787,29379.5,0.869955156951,0.794040538394,0.67910637511,881.085348368,0.51,0
788,29347.5,0.789473684211,0.826085118431,0.71509502924,839.830514193,0.51,0
789,29185.0,0.731914893617,0.827438581213,0.722043542801,837.730009437,0.63,0
790,29661.0,0.755364806867,0.813744853735,0.723297893094,856.558436155,0.56,0
791,30796.5,0.834061135371,0.803498745555,0.70409703011,891.428493142,0.46,0
792,31516.5,0.754166666667,0.820154834896,0.725517955801,879.286358237,0.53,0
793,31731.5,0.748971193416,0.818634467658,0.717485189707,888.114784598,0.62,0
794,33941.5,0.881856540084,0.785364723121,0.685230048654,963.511754036,0.44,0
795,35238.5,0.909836065574,0.776409282989,0.650540909762,1001.31074286,0.49,0
796,34601.5,0.887029288703,0.78179579118,0.682906370885,985.16860795,0.52,0
797,35071.5,0.787148594378,0.809068467267,0.718619375461,935.913774133,0.55,0
798,35571.5,0.788844621514,0.807846475199,0.71575314902,946.74220264,0.49,0
799,36645.5,0.857723577236,0.78446504092,0.705997379879,1000.34018064,0.36,0
