id,area,aspects,solidities,extents,perimeters,eccentricities,labels
0,7033.0,0.5875,0.583772562077,0.467619680851,559.161467671,0.81,1
1,7334.0,0.6,0.598229939245,0.477473958333,561.504612565,0.8,1
2,7435.0,0.608695652174,0.596613700878,0.471225757384,565.989894509,0.81,1
3,7606.0,0.621118012422,0.604010318809,0.472422360248,566.818321109,0.82,1
4,7656.0,0.624242424242,0.585522537681,0.450485436893,577.788883805,0.8,1
5,7716.0,0.636363636364,0.584368368795,0.445367965368,583.102592826,0.79,1
6,7772.0,0.590361445783,0.603416144383,0.477747725596,569.303603053,0.83,1
7,7663.5,0.590361445783,0.588933713053,0.471078190312,576.859951854,0.78,1
8,7901.0,0.589285714286,0.600265902372,0.475048100048,578.617311001,0.83,1
9,8103.0,0.591715976331,0.606285068415,0.479467455621,580.617311716,0.82,1
10,9467.0,0.596590909091,0.644079323441,0.512283549784,607.102591991,0.84,1
11,8374.5,0.59649122807,0.605881922979,0.480134158927,592.173660636,0.81,1
12,9841.0,0.608938547486,0.644149889418,0.504382143406,618.901582718,0.82,1
13,8631.0,0.604651162791,0.612627315806,0.482502236136,598.073154569,0.82,1
14,10029.5,0.60773480663,0.642854849579,0.503741838272,629.487368226,0.78,1
15,10190.0,0.604395604396,0.647806734598,0.508991008991,628.558435678,0.8,1
16,10398.0,0.603260869565,0.649489361632,0.50910693302,637.386862755,0.8,1
17,10480.0,0.60752688172,0.640254142773,0.498620230279,646.357425928,0.8,1
18,10633.0,0.609625668449,0.641934311507,0.498780373393,650.700571656,0.77,1
19,10782.0,0.606382978723,0.647976197314,0.503079507279,649.528998971,0.8,1
20,11332.5,0.607329842932,0.65341482023,0.511486730457,664.600065112,0.8,1
21,11491.0,0.619791666667,0.643988003228,0.502932422969,674.014279246,0.79,1
22,11546.0,0.611398963731,0.648396694287,0.506981645736,676.842706084,0.81,1
23,11558.0,0.611398963731,0.646800410494,0.507508562396,676.156415105,0.8,1
24,11755.5,0.610256410256,0.648328917669,0.506593406593,681.913774371,0.8,1
25,11943.5,0.617346938776,0.653471572723,0.503605161073,684.742201924,0.79,1
26,12217.5,0.616161616162,0.650334012986,0.505774962742,696.399055243,0.8,1
27,12361.0,0.619289340102,0.657412574618,0.514313056503,691.327988148,0.8,1
28,12505.5,0.62,0.649754497442,0.504254032258,710.884336352,0.8,1
29,12649.0,0.615,0.657159181956,0.51418699187,706.15641582,0.81,1
30,12759.5,0.616915422886,0.655493048442,0.51193628631,710.742201686,0.8,1
31,13006.5,0.620689655172,0.655437408509,0.508503401361,712.055909872,0.78,1
32,13062.0,0.620689655172,0.654376029987,0.510673234811,717.470123172,0.78,1
33,13226.5,0.619512195122,0.648803096984,0.50802765508,731.369617581,0.78,1
34,13386.5,0.618357487923,0.64733189561,0.505227204106,735.712762594,0.79,1
35,13579.5,0.625,0.644693423958,0.502200443787,743.854898095,0.76,1
36,13368.0,0.620192307692,0.639341907124,0.498211091234,745.612258911,0.77,1
37,13868.5,0.622009569378,0.656932401796,0.51043430254,741.369618177,0.79,1
38,13903.0,0.625592417062,0.641815157225,0.49917420652,755.26911211,0.77,1
39,13928.5,0.620853080569,0.643363585102,0.503907239246,762.198044181,0.77,1
40,14083.5,0.621495327103,0.636844601339,0.494817651606,766.683326721,0.79,1
41,14489.5,0.623255813953,0.648865897992,0.502933009372,773.997033954,0.77,1
42,14538.0,0.625,0.644714957561,0.498559670782,778.925966978,0.76,1
43,14833.5,0.628440366972,0.640465444872,0.496668452421,789.168606639,0.76,1
44,14968.5,0.62100456621,0.643253112835,0.502568493151,791.168607354,0.76,1
45,15148.0,0.627272727273,0.643596113935,0.498945981555,796.239674211,0.75,1
46,15432.0,0.628959276018,0.645879543607,0.502360102868,802.239675164,0.77,1
47,15739.5,0.629464285714,0.642297487687,0.498337765957,815.31074357,0.74,1
48,15833.0,0.633928571429,0.640312206736,0.497767857143,820.724955916,0.73,1
49,16015.5,0.637168141593,0.637610476003,0.492118362832,829.310741663,0.74,1
50,16284.0,0.643171806167,0.639315297243,0.491340293283,838.523947239,0.75,1
51,16479.0,0.633187772926,0.642518761507,0.49628068062,836.523946762,0.75,1
52,16660.0,0.639130434783,0.638546594973,0.492753623188,846.867092252,0.74,1
53,16850.5,0.652173913043,0.636216040338,0.488420289855,856.766587019,0.72,1
54,17186.0,0.670995670996,0.636742555207,0.479988828376,867.837653756,0.72,1
55,17319.5,0.669527896996,0.631338167057,0.476491141191,880.565575361,0.73,1
56,17413.5,0.673819742489,0.633183642226,0.476025805746,878.908721447,0.72,1
57,17698.5,0.675213675214,0.637519584181,0.478700097371,885.251867294,0.73,1
58,18065.0,0.675105485232,0.634761676647,0.476397679325,893.979789853,0.7,1
59,18462.0,0.682008368201,0.637731219407,0.473907128372,900.808216453,0.72,1
60,18900.5,0.688524590164,0.624129047241,0.461077771272,934.021420598,0.7,1
61,19047.5,0.685714285714,0.625626116748,0.462767249757,934.364565969,0.7,1
62,19488.0,0.674796747967,0.638051269888,0.477225977079,962.121925116,0.73,1
63,19710.0,0.674698795181,0.633212321672,0.471170395869,941.920915246,0.71,1
64,19874.5,0.677419354839,0.637820922215,0.477018529186,979.335128665,0.74,1
65,19998.5,0.673306772908,0.632323645517,0.471451472218,952.163554788,0.71,1
66,20319.0,0.685039370079,0.626356348254,0.45974748846,971.234623432,0.72,1
67,20698.5,0.688976377953,0.63298164944,0.465658042745,1009.96254492,0.72,1
68,21008.5,0.6875,0.631825083437,0.466275301847,979.134117603,0.72,1
69,21175.5,0.69140625,0.631840423012,0.467326536017,985.47726357,0.72,1
70,21978.5,0.702702702703,0.637815953342,0.46625864483,999.962543368,0.72,1
71,22129.5,0.701149425287,0.636005688727,0.463318887005,1005.61939919,0.73,1
72,22307.0,0.703422053232,0.631014679554,0.458472921591,1022.00417411,0.71,1
73,23075.5,0.709433962264,0.639387640234,0.46317743878,1054.73209429,0.71,1
74,23411.5,0.706766917293,0.644962669371,0.468155095185,1043.07524192,0.7,1
75,23286.0,0.705223880597,0.633064185539,0.459725183606,1061.31788397,0.73,1
76,24406.5,0.714814814815,0.650103214623,0.468364997121,1066.73209977,0.7,1
77,26047.5,0.715867158672,0.685677054107,0.495444516301,1008.79097116,0.71,1
78,27303.5,0.715328467153,0.707069789701,0.508407194995,988.790974021,0.72,1
79,26052.5,0.733576642336,0.661633988568,0.473045357156,1031.07524168,0.71,1
80,27874.0,0.727272727273,0.705233461005,0.5068,1014.34732151,0.73,1
81,26404.5,0.73476702509,0.648504271912,0.461657487543,1108.53108549,0.7,1
82,26756.5,0.730496453901,0.647144185831,0.460588377057,1123.84479463,0.72,1
83,29213.0,0.744680851064,0.6951007669,0.493296183722,1050.00417316,0.74,1
84,27635.5,0.754385964912,0.644334342168,0.451007751938,1155.15850103,0.71,1
85,31529.0,0.749128919861,0.726968790475,0.51096345515,1044.34731936,0.71,1
86,30811.5,0.75,0.703009490045,0.495298032407,1072.38895178,0.71,1
87,30051.0,0.749140893471,0.673570250314,0.473706611179,1127.25900805,0.7,1
88,31663.0,0.757679180887,0.698130262605,0.486778587461,1097.40114117,0.71,1
89,33527.5,0.75593220339,0.728644852644,0.509652656381,1080.73209572,0.73,1
90,30941.0,0.751677852349,0.662080327259,0.463521692234,1178.57271528,0.68,1
91,35001.5,0.766666666667,0.735055387756,0.507268115942,1100.5310849,0.71,1
92,30958.5,0.783333333333,0.6410821879,0.439127659574,1247.86917818,0.7,1
93,35733.0,0.784053156146,0.732413706788,0.503026634383,1120.77372587,0.69,1
94,36799.5,0.817589576547,0.710799272366,0.477562064446,1149.30063927,0.7,1
95,39959.5,0.816720257235,0.758115310937,0.505854875054,1116.33007586,0.69,1
96,39651.0,0.801282051282,0.749362159111,0.508346153846,1127.88642395,0.69,1
97,40453.5,0.799363057325,0.753492399133,0.5132780978,1126.47221065,0.7,1
98,37620.5,0.834920634921,0.681654283961,0.454107067415,1260.01131356,0.7,1
99,42423.0,0.83125,0.755119657612,0.498390507519,1157.20013165,0.69,1
100,42648.5,0.835913312693,0.743322496983,0.489032221076,1179.92805278,0.69,1
101,43983.5,0.849230769231,0.75209897103,0.490340022297,1194.75648046,0.69,1
102,43398.0,0.861111111111,0.73359477884,0.480087614496,1216.6559751,0.7,1
103,44426.0,0.857142857143,0.73486063893,0.478841966846,1244.31282961,0.7,1
104,42725.0,0.87537993921,0.697340394008,0.450913964877,1303.08238149,0.7,1
105,40974.0,0.87537993921,0.670786708897,0.43243414387,1365.50878656,0.69,1
106,46978.0,0.88622754491,0.740353170841,0.475178022334,1260.11182141,0.71,1
107,42764.0,0.880597014925,0.665401131721,0.432724513028,1407.44991279,0.71,1
108,43022.5,0.874635568513,0.655036958785,0.418100097182,1413.69255424,0.72,1
109,43173.0,0.898203592814,0.662172731695,0.430868263473,1420.96463013,0.69,1
110,43632.0,0.908011869436,0.65463383797,0.423110490487,1452.27834153,0.72,1
111,43526.5,0.920972644377,0.666510985887,0.436631657087,1425.69255435,0.7,1
112,49342.0,0.947040498442,0.756721109184,0.505636169864,1261.14125943,0.73,1
113,48255.5,0.962264150943,0.750783758857,0.495904756032,1279.72704399,0.69,1
114,8117.5,0.717391304348,0.889394095657,0.594166300688,423.036578298,0.9,1
115,8200.0,0.726618705036,0.882812069949,0.584087185697,431.279218078,0.9,1
116,8370.5,0.730496453901,0.885907806679,0.576361633271,435.521858335,0.9,1
117,8542.5,0.737588652482,0.885554336956,0.582549099836,438.350285888,0.89,1
118,8840.5,0.748251748252,0.886221233159,0.577772694595,447.178712606,0.89,1
119,8999.5,0.75,0.880878961671,0.578671553498,453.178712487,0.9,1
120,9257.0,0.760273972603,0.883090857304,0.571208194496,460.59292686,0.89,1
121,9444.5,0.767123287671,0.883902659018,0.577574608611,463.178712368,0.89,1
122,9665.5,0.78231292517,0.882130137062,0.571753918959,468.835567236,0.89,1
123,9896.0,0.795918367347,0.875907232467,0.575382289668,474.592925906,0.89,1
124,10244.0,0.812080536913,0.88067399518,0.56819568473,483.078208327,0.89,1
125,10475.5,0.82,0.881034475349,0.567777777778,489.320848227,0.88,1
126,10614.5,0.827814569536,0.882445850418,0.562357615894,492.977702737,0.89,1
127,11031.5,0.843137254902,0.879845263361,0.558924861934,503.806129336,0.89,1
128,11177.0,0.849673202614,0.883557305268,0.561940673705,504.048768997,0.89,1
129,11462.5,0.863636363636,0.880545412863,0.55963773069,511.46298337,0.89,1
130,11576.5,0.87012987013,0.878271748135,0.560985656135,516.977703094,0.88,1
131,11678.0,0.870967741935,0.877286550146,0.558088410992,520.877197027,0.89,1
132,11889.5,0.873417721519,0.877259640838,0.545289855072,527.948264122,0.89,1
133,12112.5,0.879746835443,0.876574027525,0.55152080867,531.119837284,0.9,1
134,12465.0,0.8875,0.878466465496,0.54863556338,538.534051299,0.89,1
135,12513.0,0.893081761006,0.883592833502,0.554212064842,535.705624223,0.89,1
136,12620.0,0.89375,0.878310186322,0.551573426573,541.705623507,0.89,1
137,12773.5,0.894409937888,0.878870229263,0.550961870255,545.948264718,0.89,1
138,13031.0,0.907407407407,0.876976910445,0.547199126564,554.190905213,0.89,1
139,13047.0,0.907407407407,0.876519980675,0.547871000252,554.190904975,0.89,1
140,13846.0,0.915662650602,0.878525421919,0.548747622067,569.847759008,0.89,1
141,14244.0,0.928571428571,0.87806681742,0.543498168498,578.676186323,0.89,1
142,14335.0,0.934131736527,0.880311957257,0.550245662521,578.676186323,0.89,1
143,14572.0,0.94674556213,0.877566992607,0.538905325444,593.161467791,0.89,1
144,14767.0,0.952380952381,0.882639485475,0.549367559524,585.989895105,0.89,1
145,15152.0,0.953488372093,0.877359578012,0.537152580828,602.818321824,0.89,1
146,15241.0,0.959064327485,0.880804456435,0.543467408358,597.989894629,0.89,1
147,15618.0,0.971098265896,0.879243366102,0.537365813377,608.475176334,0.89,1
148,16178.5,0.982954545455,0.875957655183,0.531348528639,622.717816353,0.89,1
149,16062.5,0.988571428571,0.882773208305,0.530553261767,616.85995245,0.9,1
150,16393.5,1.0,0.87761984594,0.523269175524,626.031524658,0.9,1
151,16876.0,1.01685393258,0.879760193511,0.523806567757,636.274164915,0.9,1
152,17038.0,1.02222222222,0.895182047522,0.51443236715,638.073155165,0.9,1
153,16904.5,1.03910614525,0.894441647163,0.507734126269,640.315795183,0.91,1
154,17133.0,1.00555555556,0.897086153902,0.525874769797,631.730008364,0.91,1
155,17485.0,1.01648351648,0.890705784923,0.519305019305,641.730009198,0.91,1
156,17703.5,1.02197802198,0.889891420077,0.522967623774,643.972648859,0.91,1
157,17700.5,1.0,0.89625053345,0.517180423667,646.114784598,0.91,1
158,17723.0,0.994594594595,0.894242893717,0.520652173913,646.215290427,0.9,1
159,18004.0,1.0,0.900717908294,0.514856015328,645.528998375,0.9,1
160,18222.0,0.994680851064,0.896156584473,0.518318352486,657.043717027,0.9,1
161,18400.5,0.994680851064,0.900771015049,0.523395721925,651.286357641,0.9,1
162,18778.5,0.994764397906,0.896177336565,0.517456599614,664.943211198,0.91,1
163,19013.0,0.994791666667,0.892691969422,0.518460951134,669.528999925,0.91,1
164,18953.0,0.989528795812,0.897438321429,0.525028394138,662.357426643,0.9,1
165,19560.5,0.994845360825,0.897888451238,0.522421345014,673.085347772,0.91,1
166,19633.0,0.989743589744,0.896238469386,0.521668659492,678.014279842,0.91,1
167,20016.0,0.994897959184,0.893810838199,0.523704866562,686.014279485,0.91,1
168,20281.5,1.0,0.894285458379,0.51733241506,691.913775206,0.9,1
169,20343.0,0.994923857868,0.897373118519,0.526856935668,684.49956131,0.91,1
170,20588.5,0.99,0.894918712967,0.519911616162,694.742200971,0.89,1
171,20956.0,0.990099009901,0.894065442664,0.518712871287,704.156415105,0.9,1
172,20812.0,0.99,0.889762934141,0.525555555556,701.470122933,0.9,1
173,21132.5,0.990099009901,0.892363233358,0.523081683168,710.055910587,0.9,1
174,21740.5,0.995145631068,0.888600503194,0.514811745205,723.712763786,0.9,1
175,22112.5,1.0,0.881924776126,0.521078801018,735.369618893,0.9,1
176,22030.5,0.990338164251,0.894512451451,0.519158713326,723.854899287,0.89,1
177,22302.5,1.00480769231,0.884510893,0.513031376518,737.026471853,0.88,1
178,22417.0,1.0,0.88433468427,0.523162734253,735.955404878,0.89,1
179,22781.0,1.0,0.883241248878,0.521531100478,744.783830404,0.9,1
180,23147.5,0.995260663507,0.8915743827,0.522399006996,743.511752963,0.88,1
181,23279.5,0.981132075472,0.89289275509,0.527927703193,744.683325529,0.9,1
182,23537.0,0.990566037736,0.891299816752,0.528683737646,752.92596674,0.89,1
183,23985.5,0.995327102804,0.889735882151,0.526205519723,761.511752486,0.9,1
184,24354.0,0.99537037037,0.89234940315,0.524418604651,761.411247015,0.9,1
185,24699.0,0.986301369863,0.892401629901,0.522133434805,771.068102241,0.89,1
186,24915.0,0.990825688073,0.896094083959,0.529115698267,766.239675045,0.9,1
187,25462.5,0.995475113122,0.887303326582,0.52370423694,786.13917017,0.89,1
188,25596.5,0.990990990991,0.88549287916,0.524088861589,793.452878594,0.9,1
189,25989.5,0.995535714286,0.890325782295,0.520289477899,791.452878118,0.89,1
190,26261.0,1.0,0.88937430907,0.523377710459,802.523946166,0.89,1
191,26633.5,1.00442477876,0.890424924307,0.519151300144,805.938159347,0.9,1
192,27637.0,1.0,0.885701921625,0.522438563327,827.837653756,0.89,1
193,28088.5,1.00865800866,0.890299368008,0.521867974658,829.251865983,0.9,1
194,28735.0,1.00854700855,0.888294663158,0.520335361437,843.979789615,0.9,1
195,28954.0,1.0,0.888036924694,0.519857799483,843.151362896,0.89,1
196,29439.5,0.995798319328,0.887065910698,0.521921426799,852.22243011,0.89,1
197,29873.0,0.995815899582,0.889567169752,0.525174923526,855.1513623,0.9,1
198,30153.0,0.995867768595,0.885043804913,0.517009018895,860.808216453,0.88,1
199,30947.0,1.00823045267,0.884174735338,0.519811875367,872.95035243,0.89,1
200,31545.5,1.01229508197,0.888793404554,0.523420388929,878.707710028,0.89,1
201,31816.5,1.00809716599,0.886883438412,0.517316228477,880.707710266,0.89,1
202,32761.0,1.01612903226,0.893388416047,0.524209549411,888.465070367,0.89,1
203,33052.5,1.016,0.89149168348,0.520511811024,893.67827487,0.88,1
204,33066.0,1.016,0.884436893305,0.520724409449,904.607208371,0.89,1
205,33725.0,1.01581027668,0.887138138688,0.518678580766,910.607205987,0.89,1
206,34649.5,1.02723735409,0.879964951036,0.510693019691,933.820409298,0.89,1
207,35110.0,1.02713178295,0.8845611184,0.513529325728,930.063049912,0.89,1
208,35710.5,1.02671755725,0.878022691865,0.506690030932,951.962545872,0.9,1
209,36637.5,1.03383458647,0.876117937548,0.500854408749,965.276254177,0.9,1
210,36516.5,1.03370786517,0.873172245972,0.495528686967,979.761535406,0.9,1
211,37495.5,1.036900369,0.870662128918,0.492383553729,993.418388844,0.89,1
212,37643.0,1.02919708029,0.864740068308,0.487174509499,1005.80316544,0.89,1
213,37973.0,1.03308823529,0.874178434167,0.49682070337,996.004176378,0.91,1
214,39768.5,1.04285714286,0.869285329859,0.486405332681,1026.04580557,0.89,1
215,18194.5,1.07849829352,0.465213499194,0.196510346913,1225.52603066,0.92,1
216,18774.5,1.07666666667,0.469532704432,0.19375128999,1239.8103013,0.92,1
217,9290.0,0.962732919255,0.533662680758,0.372270086155,714.641695499,0.64,1
218,9523.5,0.969325153374,0.531460138221,0.36978721752,723.369618058,0.7,1
219,9677.0,0.963414634146,0.537446888243,0.373456313677,728.298550248,0.67,1
220,18828.0,1.05762711864,0.472246606456,0.204563233377,1225.42552519,0.92,1
221,12438.5,1.05202312139,0.579910482634,0.395048593025,787.653887987,0.69,1
222,12618.0,1.05142857143,0.576388093203,0.391863354037,799.068101406,0.7,1
223,18892.0,1.04467353952,0.477420331866,0.213555796708,1221.62653697,0.91,1
224,19546.0,1.05762711864,0.477961582907,0.212364189483,1226.59709811,0.92,1
225,13889.5,0.881516587678,0.545285016703,0.353908678591,905.050856113,0.79,1
226,19047.5,1.04270462633,0.488403696231,0.231347090474,1177.8691777,0.9,1
227,14945.0,0.888392857143,0.538713861514,0.335270100503,941.092486739,0.8,1
228,14301.0,0.874418604651,0.543898680115,0.353809995052,914.808215141,0.81,1
229,14762.0,0.87962962963,0.550892838427,0.35969785575,918.607205629,0.81,1
230,14902.5,0.884259259259,0.555379567863,0.361220186155,925.19299221,0.78,1
231,15454.5,0.889908256881,0.561491786944,0.365423720798,935.192991376,0.77,1
232,15904.0,0.887387387387,0.562734411709,0.363652993095,948.749343753,0.77,1
233,16402.0,0.896396396396,0.572235981676,0.371270768256,960.063049674,0.77,1
234,16385.5,0.887892376682,0.570426455804,0.371098881189,958.64883697,0.75,1
235,16386.0,0.896396396396,0.56964071346,0.370908597039,952.749341846,0.77,1
236,16389.0,0.896396396396,0.569596494736,0.370976504142,959.577766895,0.75,1
237,16353.0,0.904977375566,0.569265310535,0.369977375566,958.063049555,0.76,1
238,16761.5,0.902222222222,0.567965028657,0.366973180077,969.477262974,0.77,1
239,17081.0,0.906666666667,0.572064904225,0.372135076253,976.891477108,0.76,1
240,17109.0,0.907079646018,0.567124103132,0.369285560112,979.376758218,0.77,1
241,17384.5,0.903083700441,0.569759437042,0.373579026539,983.962544322,0.78,1
242,16874.5,0.952153110048,0.587501085952,0.40572479623,938.364565134,0.75,1
243,17940.0,0.907488986784,0.583481044725,0.383644839827,984.063050866,0.74,1
244,18110.5,0.913043478261,0.578434658559,0.374958592133,1002.93310535,0.77,1
245,17911.5,0.967441860465,0.583759734759,0.40052549195,970.506699562,0.73,1
246,18249.5,0.963133640553,0.585163688123,0.402387934646,980.163554072,0.72,1
247,18555.0,0.97247706422,0.585312764312,0.40148433443,987.577768207,0.75,1
248,18355.5,0.954337899543,0.589791785265,0.401029035852,975.820407271,0.75,1
249,18639.5,0.93665158371,0.59227542629,0.407447482895,979.477261782,0.75,1
250,18844.0,0.954954954955,0.590943299702,0.400390956995,991.234622002,0.76,1
251,19209.0,0.959641255605,0.593639901744,0.402518754453,995.719902277,0.75,1
252,19889.0,0.964757709251,0.590134261286,0.400076438758,1018.20518398,0.75,1
253,20305.0,0.956896551724,0.58759694239,0.394241223983,1041.86203837,0.75,1
254,20561.5,0.944680851064,0.590499847531,0.39412497604,1042.10467887,0.75,1
255,20741.0,0.948936170213,0.593345918888,0.395782845148,1042.83260107,0.75,1
256,21070.5,0.949367088608,0.592717093047,0.395133614627,1051.41838717,0.76,1
257,21675.0,0.942148760331,0.593412909726,0.3928338408,1070.48945546,0.72,1
258,22069.5,0.942857142857,0.59219953151,0.389954943016,1077.21737647,0.76,1
259,22350.0,0.943089430894,0.596413511778,0.39161059714,1082.97473741,0.77,1
260,22634.0,0.927710843373,0.597305604926,0.393504754951,1087.4600184,0.75,1
261,22855.0,0.927710843373,0.602303271485,0.397346963612,1083.46001828,0.76,1
262,23002.0,0.932,0.602517253801,0.394884120172,1087.80316269,0.77,1
263,23367.5,0.929133858268,0.599666387118,0.389822167356,1105.35951376,0.77,1
264,23512.0,0.93359375,0.59466841875,0.384283472803,1111.74428856,0.78,1
265,24464.0,0.927480916031,0.598397846026,0.384255332517,1133.74428737,0.78,1
266,25032.0,0.935606060606,0.602107084711,0.383879278616,1139.7442888,0.78,1
267,24745.5,0.921348314607,0.591530608392,0.376747053987,1162.81535625,0.78,1
268,25560.5,0.9375,0.587820666258,0.368519319493,1186.27119982,0.79,1
269,26777.5,0.916967509025,0.605866912673,0.380589272009,1173.30063748,0.79,1
270,26123.0,0.910071942446,0.592801868535,0.371413541104,1195.68541324,0.78,1
271,28320.0,0.910714285714,0.630222646111,0.396638655462,1154.77372599,0.79,1
272,28822.0,0.911660777385,0.628340962223,0.394746213055,1172.57271457,0.79,1
273,28987.5,0.91103202847,0.63366195813,0.402962355427,1164.33007514,0.79,1
274,29251.5,0.908127208481,0.637273696352,0.40218751289,1163.15850186,0.78,1
275,29175.0,0.911660777385,0.633454196684,0.399580902293,1170.57271528,0.79,1
276,29184.5,0.918439716312,0.63469400932,0.399579670856,1165.50164843,0.77,1
277,30111.0,0.918727915194,0.646262809151,0.409228051101,1155.60215461,0.76,1
278,30597.0,0.926315789474,0.644615561524,0.406658692185,1175.74428856,0.78,1
279,30479.0,0.974452554745,0.638196740571,0.416618825009,1176.22956884,0.77,1
280,31230.5,0.970802919708,0.654665701025,0.428495966193,1162.33007514,0.76,1
281,30533.5,0.963235294118,0.651589840692,0.428456163,1153.84479403,0.79,1
282,31051.0,0.985130111524,0.659144942135,0.435589534965,1146.77372599,0.75,1
283,32541.5,0.941780821918,0.64941427558,0.405249066002,1209.44277108,0.79,1
284,31273.5,0.985130111524,0.656186068557,0.438710808726,1158.53108478,0.74,1
285,30991.0,0.977941176471,0.645255989829,0.428336466165,1180.91586089,0.75,1
286,31085.0,1.00377358491,0.663153738892,0.440984536814,1142.97473586,0.72,1
287,31891.5,0.981884057971,0.645048086801,0.426379752928,1202.81535673,0.76,1
288,30981.0,0.989090909091,0.621540559084,0.414184491979,1234.71485162,0.74,1
289,31501.5,1.0,0.634477687319,0.419594810592,1218.81535745,0.76,1
290,30796.0,1.0110701107,0.62790673838,0.414738599941,1223.40114224,0.74,1
291,31769.0,1.04942965779,0.66363769158,0.437661872486,1159.31788206,0.7,1
292,31744.0,1.01102941176,0.638513138481,0.424385026738,1215.40114212,0.74,1
293,32724.0,1.00724637681,0.641389244242,0.426493587739,1230.57271647,0.73,1
294,32287.5,1.07224334601,0.655098250728,0.435340991829,1194.73209763,0.67,1
295,31610.0,1.09160305344,0.642538442251,0.421849143223,1212.77372718,0.68,1
296,33621.0,1.09125475285,0.673241353104,0.445423351572,1178.28844535,0.65,1
297,33399.5,1.12403100775,0.664719578345,0.446398021919,1191.76153302,0.63,1
298,34850.5,1.0936329588,0.675390741029,0.447007593248,1199.9036696,0.66,1
299,35468.0,1.1439688716,0.708955893723,0.469414224834,1135.37676001,0.57,1
300,35261.5,1.16602316602,0.684330543823,0.450810555115,1179.56052399,0.63,1
301,33288.0,1.22540983607,0.683447623119,0.456275015078,1145.37675738,0.58,1
302,34115.5,1.21370967742,0.68441800609,0.457018272425,1156.44782734,0.58,1
303,33814.5,1.26033057851,0.687873793303,0.458128979813,1148.30568981,0.6,1
304,34841.0,1.25203252033,0.693601686786,0.459837926301,1160.54833198,0.62,1
305,33432.5,1.2390438247,0.649439576042,0.42828685259,1238.18793941,0.64,1
306,34085.5,1.23228346457,0.641899398049,0.42873764182,1262.33007634,0.63,1
307,36983.0,1.24015748031,0.69191767878,0.462229721285,1198.97473836,0.6,1
308,37140.5,1.25590551181,0.692332067569,0.458377557821,1198.24681628,0.62,1
309,39242.5,1.2578125,0.719214484689,0.476059054736,1185.4183898,0.61,1
310,40025.5,1.23880597015,0.683221383695,0.449846025895,1273.84479558,0.67,1
311,41528.0,1.29885057471,0.722515091737,0.469354310062,1213.31788337,0.62,1
312,40538.0,1.40082644628,0.737503750944,0.494136863405,1161.92091393,0.67,1
313,41295.0,1.34920634921,0.723375928243,0.481967787115,1207.17574811,0.64,1
314,41781.5,1.40329218107,0.749188615989,0.504223839349,1155.67827427,0.68,1
315,43594.0,1.26691729323,0.730382916186,0.486312219718,1226.34732139,0.59,1
316,44833.0,1.25090909091,0.723089576589,0.473921775899,1265.46002018,0.59,1
317,45509.0,1.28363636364,0.72065495258,0.468802472315,1281.94529986,0.62,1
318,45992.0,1.39694656489,0.735236754268,0.479622909106,1251.31788254,0.65,1
319,46950.5,1.4880952381,0.751093832536,0.496830687831,1239.41838801,0.73,1
320,8075.0,0.55421686747,0.638415617358,0.528745416448,573.788884163,0.82,1
321,8115.0,0.553571428571,0.635772480133,0.519393241167,580.617311358,0.8,1
322,8372.5,0.549707602339,0.640736200806,0.520872216001,586.031525135,0.82,1
323,8500.5,0.549132947977,0.640918339434,0.51721934895,596.51680541,0.83,1
324,8556.5,0.552325581395,0.643684641212,0.523653610771,594.516805172,0.82,1
325,8822.5,0.554285714286,0.643391061853,0.519734904271,606.516806483,0.81,1
326,9018.5,0.553672316384,0.640723237962,0.519918136746,613.830513239,0.78,1
327,9125.5,0.553672316384,0.646579511485,0.526086705869,607.830514789,0.8,1
328,9153.5,0.556179775281,0.638319381881,0.519435932357,611.002087235,0.81,1
329,9467.5,0.555555555556,0.649170319191,0.525972222222,624.315795779,0.8,1
330,9677.0,0.551912568306,0.651189390322,0.523562192285,632.558437347,0.79,1
331,9697.0,0.554347826087,0.650696187548,0.516677323103,628.901581407,0.81,1
332,9869.0,0.551351351351,0.655812867357,0.522999470058,638.558435798,0.82,1
333,10194.5,0.559139784946,0.660672041342,0.527010959471,643.629504085,0.78,1
334,10497.5,0.555555555556,0.665578235699,0.528974552784,645.286358476,0.79,1
335,10674.5,0.552631578947,0.670172019901,0.535062656642,645.629503727,0.8,1
336,10884.5,0.560209424084,0.671509650987,0.532587953222,650.801075816,0.79,1
337,10984.5,0.557894736842,0.679881158172,0.54540714995,647.629504323,0.8,1
338,11056.0,0.5625,0.670934850436,0.533179012346,653.528999209,0.76,1
339,11118.0,0.5625,0.676380224022,0.536168981481,657.043717265,0.81,1
340,11478.0,0.558974358974,0.682848469969,0.540014114326,661.52899754,0.82,1
341,11706.5,0.566326530612,0.679583184259,0.538081448796,670.114784598,0.78,1
342,11834.5,0.565656565657,0.678758850169,0.533662518038,669.428493142,0.8,1
343,12014.0,0.57,0.671811213601,0.526929824561,684.156413674,0.78,1
344,12059.5,0.56783919598,0.684304598058,0.536287632855,674.256920695,0.82,1
345,12459.0,0.571428571429,0.681956262175,0.52908951928,684.15641427,0.81,1
346,12458.0,0.566502463054,0.681770915111,0.533647461983,687.327988029,0.82,1
347,12515.0,0.569306930693,0.686430448188,0.538743004735,688.842706442,0.81,1
348,12726.0,0.576354679803,0.686945018019,0.535809018568,697.671133399,0.82,1
349,12946.0,0.570731707317,0.691485948662,0.539754012925,698.499561191,0.84,1
350,13221.5,0.574879227053,0.690543960042,0.536739333415,703.570628285,0.84,1
351,13381.0,0.567307692308,0.698236272708,0.545184159061,701.671133399,0.83,1
352,13583.0,0.569377990431,0.698336800091,0.546138072454,704.984843016,0.83,1
353,13845.5,0.57619047619,0.698614926969,0.544883903975,709.570629239,0.81,1
354,13910.5,0.575471698113,0.693185495487,0.537832508506,719.712763429,0.82,1
355,13912.0,0.580188679245,0.688321001963,0.533517410646,727.955404758,0.81,1
356,14316.0,0.581395348837,0.69444578853,0.532688372093,726.783831596,0.82,1
357,14636.0,0.587962962963,0.697251199575,0.533537474482,731.126977324,0.79,1
358,14890.5,0.596330275229,0.695216748628,0.525423429781,741.026472449,0.79,1
359,14874.5,0.587155963303,0.694907728592,0.533059776376,739.36961925,0.8,1
360,15231.0,0.58904109589,0.704992012289,0.539131358182,736.298551559,0.8,1
361,17201.5,0.590909090909,0.784811566818,0.601451048951,680.600067258,0.83,1
362,15985.5,0.59009009009,0.720928131685,0.549669898907,726.198044419,0.81,1
363,16085.0,0.598214285714,0.708106796205,0.535880863539,746.925967574,0.82,1
364,16242.0,0.598214285714,0.713213012281,0.541111407249,746.09754014,0.82,1
365,16119.5,0.599118942731,0.692150797835,0.522139803058,770.825462461,0.79,1
366,16566.5,0.615044247788,0.702133968924,0.527360412555,770.340180993,0.76,1
367,16428.0,0.609649122807,0.690078128665,0.518364255964,782.239676118,0.74,1
368,17342.0,0.608695652174,0.719450721984,0.538571428571,766.09754014,0.77,1
369,17751.5,0.606060606061,0.730529431756,0.548902288188,763.369618416,0.77,1
370,17741.5,0.619047619048,0.716480895257,0.537084127993,779.997033596,0.76,1
371,18052.5,0.618025751073,0.71910850574,0.538045422031,786.683326483,0.74,1
372,17713.5,0.617021276596,0.696504401162,0.519838591343,809.310743213,0.73,1
373,18243.5,0.622881355932,0.70744144289,0.525870517699,805.653888464,0.76,1
374,18288.0,0.622881355932,0.707603015254,0.527153234175,804.239675522,0.76,1
375,18909.5,0.626050420168,0.717668934787,0.53323275619,808.482315421,0.74,1
376,19651.5,0.629166666667,0.731613332843,0.542259933775,800.825461745,0.75,1
377,19434.0,0.625514403292,0.714143972682,0.526153346329,822.381810188,0.73,1
378,19484.0,0.623966942149,0.719431364463,0.533194680094,827.068101645,0.74,1
379,19788.5,0.632653061224,0.709646760948,0.521092824226,841.45287776,0.74,1
380,20157.5,0.630081300813,0.716851292815,0.528651980068,838.281305432,0.75,1
381,17745.5,0.914572864322,0.766511162513,0.489963554034,732.884336233,0.75,1
382,17894.0,0.909090909091,0.785220612216,0.502076318743,711.528999329,0.77,1
383,17887.5,0.9,0.777193627003,0.496875,714.742200851,0.73,1
384,18075.0,0.915,0.771249356668,0.493852459016,716.156415105,0.77,1
385,17119.0,0.89756097561,0.700894590674,0.453844114528,791.75439465,0.76,1
386,17104.0,0.889423076923,0.685366241844,0.444490644491,811.068102956,0.78,1
387,19047.5,0.983402489627,0.613120240088,0.333482150673,966.790970325,0.87,1
388,17319.0,0.895238095238,0.687712189776,0.43867781155,824.724955916,0.78,1
389,17862.5,0.905213270142,0.703497299423,0.443227215206,812.139170885,0.77,1
390,18151.0,0.905213270142,0.698962201517,0.450385846505,820.381810427,0.76,1
391,19944.5,0.901869158879,0.756749062789,0.482894290833,783.026471853,0.76,1
392,19559.0,0.901869158879,0.737463235286,0.473560602392,798.239675164,0.75,1
393,18907.0,0.902325581395,0.704801309533,0.453296571566,826.582820892,0.76,1
394,18879.5,0.894495412844,0.691784834957,0.444119030816,840.281306982,0.76,1
395,19641.0,0.903225806452,0.711269643256,0.46179347315,836.381810665,0.75,1
396,22102.0,0.913242009132,0.778787876044,0.504611872146,801.61225903,0.78,1
397,21438.0,0.900452488688,0.755045254975,0.487459924055,815.068104267,0.75,1
398,21853.5,0.90134529148,0.754310267835,0.487551034067,823.997035384,0.74,1
399,21595.5,0.914414414414,0.749713588788,0.479197177473,832.482316732,0.74,1
400,20173.5,0.90625,0.680376382589,0.44364663969,888.281305432,0.77,1
401,20749.0,0.897777777778,0.703976383579,0.456523652365,867.695519567,0.77,1
402,21410.5,0.903930131004,0.703078562669,0.451669725545,879.737149239,0.76,1
403,22227.5,0.903930131004,0.727446774795,0.468904921629,866.766586781,0.74,1
404,21929.0,0.921739130435,0.704184192209,0.449733388023,890.666081309,0.77,1
405,22923.5,0.917748917749,0.732029376554,0.468094012905,871.938159704,0.75,1
406,22803.5,0.91452991453,0.718503345511,0.455377825705,891.595014215,0.76,1
407,22520.0,0.918803418803,0.700662702776,0.447624726694,904.3229357,0.77,1
408,23081.0,0.919491525424,0.706554012592,0.450695149574,909.494508505,0.78,1
409,24093.0,0.924369747899,0.724165913062,0.460141329259,899.97979033,0.77,1
410,24160.5,0.924686192469,0.722286993356,0.457420625154,909.050858259,0.77,1
411,24071.0,0.933333333333,0.709159471145,0.447749255952,928.121926188,0.76,1
412,24701.0,0.925619834711,0.716677303091,0.455670749705,919.293497324,0.79,1
413,24874.5,0.925925925926,0.718438608097,0.454951989026,931.536137938,0.79,1
414,24823.0,0.930041152263,0.713909777789,0.452001165374,934.607208133,0.79,1
415,26041.0,0.934959349593,0.737235471053,0.460250972075,928.950350761,0.79,1
416,25573.0,0.935222672065,0.71340298017,0.448200921885,949.920914292,0.78,1
417,26251.5,0.935483870968,0.722515032346,0.456262166296,948.849847913,0.75,1
418,25786.0,0.939759036145,0.702395705154,0.44255655099,975.577768445,0.79,1
419,26510.5,0.951807228916,0.711509814379,0.449231525257,974.648835063,0.77,1
420,26385.0,0.948,0.703356167986,0.445316455696,982.891477466,0.8,1
421,26947.5,0.95951417004,0.724015635019,0.460334136217,968.849846601,0.78,1
422,25727.0,1.03703703704,0.772292680609,0.531725363757,872.038664579,0.73,1
423,27776.5,0.960317460317,0.718965158361,0.455471927063,989.477264524,0.77,1
424,26740.0,1.02202643172,0.751852214219,0.507747227708,921.293498993,0.74,1
425,27845.0,1.03879310345,0.73857457166,0.498014737445,954.264061332,0.72,1
426,26306.5,1.0407239819,0.75590132392,0.517538855007,910.908722281,0.74,1
427,27551.5,1.01293103448,0.749068810666,0.505346661775,937.879284978,0.74,1
428,27749.5,1.0170212766,0.742411876818,0.494071040684,952.849847078,0.74,1
429,27765.0,1.0303030303,0.749544440171,0.505020189894,946.465070486,0.74,1
430,28654.0,1.02978723404,0.749829903308,0.50385088799,958.121925592,0.73,1
431,27590.5,1.0350877193,0.764459773729,0.512758325899,922.908721685,0.71,1
432,28521.5,1.02083333333,0.727515047629,0.48505952381,993.820409536,0.74,1
433,28021.5,1.03404255319,0.734710731041,0.490701339638,978.849847555,0.74,1
434,28488.5,1.03781512605,0.731111736562,0.48461368353,994.84984684,0.74,1
435,29928.5,1.04471544715,0.7157359782,0.473387428427,1037.61939907,0.77,1
436,30258.0,1.03187250996,0.70972357252,0.46544324632,1061.66102898,0.76,1
437,30984.5,1.03125,0.706505379637,0.458459102746,1075.21738005,0.78,1
438,31276.0,1.03891050584,0.705510814767,0.455792127545,1088.6315906,0.79,1
439,32285.5,1.02661596958,0.706157041325,0.454661315308,1105.21737885,0.79,1
440,32503.0,1.02255639098,0.704267465404,0.449234298983,1116.28844547,0.79,1
441,33026.5,1.03396226415,0.710400084512,0.454847817105,1112.38895237,0.8,1
442,33377.0,1.02592592593,0.701197477518,0.446276240139,1134.91586351,0.8,1
443,33616.0,1.03745318352,0.710329743134,0.454522100082,1128.28844678,0.79,1
444,33323.0,1.05747126437,0.712380014297,0.462588150369,1115.80316627,0.79,1
445,33381.5,1.05384615385,0.719297109971,0.468578046042,1100.24681675,0.78,1
446,33739.5,1.06923076923,0.720467647405,0.466788876591,1114.04580534,0.79,1
447,33016.5,1.13414634146,0.727836868057,0.481051665355,1076.79097378,0.77,1
448,34196.0,1.09652509653,0.711779029803,0.464897493067,1134.63159144,0.77,1
449,33241.5,1.17842323651,0.730052927042,0.485674419964,1076.64883685,0.75,1
450,33980.5,1.18106995885,0.732014948714,0.487238496724,1086.30569053,0.74,1
451,34887.0,1.16,0.734208115635,0.4812,1098.20518422,0.75,1
452,34152.0,1.20576131687,0.727954810342,0.479669658282,1101.03361273,0.72,1
453,35344.5,1.16535433071,0.715881469829,0.470106671632,1143.7026602,0.75,1
454,36079.0,1.16015625,0.72695217512,0.47452388468,1135.66103077,0.76,1
455,35291.5,1.22857142857,0.736374826323,0.47856125839,1102.30569041,0.72,1
456,36080.0,1.23076923077,0.738073805871,0.480502876625,1116.06304979,0.75,1
457,36955.5,1.34156378601,0.740049861844,0.466503824888,1126.73209667,0.75,1
458,37431.0,1.22924901186,0.743563764911,0.47571902444,1127.37675858,0.77,1
459,37503.5,1.26720647773,0.748580323659,0.485099145012,1116.64883709,0.73,1
460,37527.5,1.32635983264,0.75787103266,0.495327534549,1098.30569053,0.73,1
461,38210.5,1.25390625,0.727770528198,0.464983693536,1172.93310797,0.75,1
462,39256.5,1.25680933852,0.738584409064,0.472907205069,1161.61939931,0.73,1
463,39896.0,1.332,0.750065800432,0.479231231231,1150.69046664,0.74,1
464,39471.0,1.40084388186,0.769782838257,0.501639469269,1103.4356339,0.75,1
465,39904.5,1.39419087137,0.758676741749,0.492794161233,1128.30569124,0.74,1
466,41064.5,1.39344262295,0.764260853578,0.494991562199,1131.96254551,0.75,1
467,40971.0,1.41975308642,0.759235407712,0.488709966005,1139.7199049,0.77,1
468,41563.0,1.52401746725,0.789540669447,0.520051050412,1111.57776833,0.79,1
469,42480.0,1.43495934959,0.762342298939,0.489186761556,1165.0336132,0.77,1
470,43600.5,1.4314516129,0.768283978523,0.4952351204,1178.10467947,0.77,1
471,42796.5,1.53191489362,0.774106899206,0.505868794326,1153.27625203,0.79,1
472,43849.0,1.55555555556,0.786373987578,0.514804639805,1157.86204016,0.8,1
473,44596.0,1.51452282158,0.781576962825,0.506974364804,1171.17574716,0.79,1
474,44849.0,1.58974358974,0.784196812813,0.515221486996,1181.17574716,0.81,1
475,45711.5,1.55833333333,0.779953247372,0.5092635918,1197.07524312,0.8,1
476,46575.5,1.52610441767,0.765786205694,0.492237370535,1226.04580522,0.79,1
477,46625.5,1.6,0.775237555554,0.505919053819,1221.56052411,0.81,1
478,48136.5,1.56451612903,0.771640856703,0.500254614233,1249.41838753,0.81,1
479,48702.0,1.5702811245,0.772440700129,0.500231103442,1252.63159323,0.8,1
480,48504.0,1.5753968254,0.752583396815,0.484826676262,1284.08743501,0.8,1
481,49866.0,1.61693548387,0.772571285725,0.501427881908,1278.77372766,0.81,1
482,51517.0,1.5859375,0.773197654497,0.495660791256,1302.77372587,0.82,1
483,51575.0,1.53183520599,0.74401327071,0.472285559921,1347.40114295,0.8,1
484,53068.0,1.58935361217,0.757475840709,0.482725999236,1352.37170506,0.82,1
485,53249.0,1.63565891473,0.762322657138,0.489079319593,1349.40114331,0.82,1
486,8444.0,1.00763358779,0.875116583323,0.488318297479,456.534050703,0.93,1
487,8928.0,1.0,0.874908120193,0.504720447736,460.190905452,0.92,1
488,9068.5,0.992592592593,0.875042207024,0.501299060254,463.261972785,0.92,1
489,9034.5,0.985294117647,0.874123159265,0.495747366111,466.918826818,0.92,1
490,9041.0,0.985401459854,0.877128296123,0.488834820222,471.847759128,0.93,1
491,9264.5,0.985401459854,0.885284272477,0.500919167343,469.261972427,0.92,1
492,9179.0,1.0,0.879930969852,0.496269463668,473.504613161,0.93,1
493,9350.0,1.0,0.878759390237,0.498161862646,474.676186562,0.92,1
494,9505.5,1.0,0.883616073589,0.506446800575,472.090399742,0.92,1
495,9648.5,0.985815602837,0.880417913309,0.492295525282,482.232534289,0.92,1
496,9756.0,0.978723404255,0.887151033126,0.50138760407,481.504612803,0.92,1
497,9829.0,0.964788732394,0.887774909563,0.505243137658,482.676187396,0.92,1
498,10069.0,0.972222222222,0.878812996912,0.499454365079,491.646747708,0.92,1
499,10050.5,0.986013986014,0.884727104888,0.498462530377,491.404108286,0.92,1
500,10221.0,0.979166666667,0.883214509542,0.503398345154,491.646747828,0.92,1
501,10353.0,0.979310344828,0.884304925182,0.502816901408,496.475175381,0.92,1
502,10496.5,0.986301369863,0.879730118764,0.499262747336,501.060961843,0.92,1
503,10712.5,0.979591836735,0.885074557896,0.506070483749,502.575680494,0.91,1
504,10661.5,0.979591836735,0.886758705092,0.503661186697,503.404107809,0.92,1
505,10981.5,0.966666666667,0.880527595874,0.504896551724,511.060962796,0.92,1
506,11115.5,0.966666666667,0.881028804494,0.511057471264,513.060961843,0.91,1
507,11123.0,0.97972972973,0.888028414929,0.518313140727,507.989894867,0.91,1
508,11327.5,0.98,0.886553957216,0.513718820862,515.060962796,0.92,1
509,11419.0,0.986754966887,0.879128486572,0.507533668163,522.475175619,0.92,1
510,11494.5,0.993333333333,0.877710744672,0.514295302013,522.232534647,0.92,1
511,11887.5,0.986928104575,0.885046339686,0.514543565771,528.232535362,0.92,1
512,11895.5,0.974025974026,0.878967001301,0.514956709957,529.060963154,0.92,1
513,12115.0,0.974358974359,0.877962164809,0.510922739541,539.303602457,0.92,1
514,12198.0,0.980769230769,0.881167370648,0.51106083459,539.788884997,0.92,1
515,12157.0,0.974193548387,0.886725011767,0.51941892758,530.475175977,0.92,1
516,12395.5,0.980891719745,0.88258748348,0.512676813632,539.889389873,0.91,1
517,12443.5,0.981012658228,0.885563812507,0.508105349122,540.374670386,0.92,1
518,12750.0,0.981012658228,0.885508901028,0.520620661494,545.30360353,0.92,1
519,12905.5,0.98125,0.889084076407,0.513753980892,549.203098536,0.91,1
520,13177.0,0.969135802469,0.884807783214,0.518086026579,554.960456967,0.91,1
521,13455.5,0.981481481481,0.89100419898,0.522381396071,556.031524181,0.92,1
522,13312.0,0.969325153374,0.884782819549,0.516890580104,559.445738554,0.91,1
523,13503.5,0.975460122699,0.890849710444,0.521028668442,559.203097582,0.91,1
524,13826.0,0.993902439024,0.887533695676,0.51720784079,568.274165154,0.92,1
525,14008.0,0.987878787879,0.894936905319,0.520840304889,568.274165154,0.92,1
526,14106.0,0.987951807229,0.889687790037,0.518145753747,574.274164677,0.92,1
527,14370.5,0.97619047619,0.890834696768,0.521577380952,574.516806364,0.91,1
528,14587.5,0.982142857143,0.890105861488,0.526244588745,577.345232725,0.92,1
529,14715.5,0.976331360947,0.888670808088,0.527720996952,581.688378811,0.91,1
530,14834.5,0.958823529412,0.895938391086,0.535348249729,576.859951973,0.91,1
531,15033.5,0.982456140351,0.891640218904,0.523304789752,587.830515027,0.91,1
532,15279.0,0.98275862069,0.884329324935,0.513510788465,600.073153853,0.92,1
533,15324.0,0.949152542373,0.880082696531,0.515334947538,603.244727373,0.91,1
534,15426.5,0.954802259887,0.880608511927,0.51571223214,604.658941388,0.91,1
535,16617.0,0.984293193717,0.804736302946,0.462765957447,695.813269615,0.91,1
536,15896.0,0.949720670391,0.881226261157,0.522379231022,610.07315433,0.9,1
537,16248.5,0.961538461538,0.870393181538,0.510156985871,629.97265029,0.91,1
538,16574.0,0.967213114754,0.868885971854,0.511685344695,636.215290427,0.92,1
539,17036.0,0.984042553191,0.85316505983,0.48982173663,660.842705727,0.91,1
540,17016.0,0.97311827957,0.871386501747,0.505435751203,643.872143388,0.92,1
541,17201.5,0.978835978836,0.854350845066,0.491963391963,664.256921768,0.92,1
542,17296.0,0.968085106383,0.86805520267,0.505494505495,653.185852647,0.91,1
543,17490.0,0.968085106383,0.872188695596,0.511164367547,652.357424498,0.91,1
544,18715.0,0.990099009901,0.820689349146,0.463242574257,726.925967574,0.92,1
545,17961.5,0.958333333333,0.868691505484,0.508421082428,665.428493381,0.91,1
546,19080.0,0.975609756098,0.817410672533,0.465365853659,736.440685034,0.91,1
547,18605.0,0.964285714286,0.863421195176,0.502240578771,681.327987075,0.91,1
548,18526.0,0.953846153846,0.877302643002,0.510780259167,666.499561429,0.91,1
549,19310.0,0.966183574879,0.822209444882,0.466425120773,741.269111872,0.91,1
550,18963.5,0.954081632653,0.883523186416,0.517393320965,671.771638036,0.91,1
551,19495.0,0.970297029703,0.851291452801,0.492397454031,710.641696572,0.91,1
552,19958.0,0.961352657005,0.836602947533,0.484499793654,734.440685749,0.91,1
553,20363.0,0.971153846154,0.844955286023,0.484648705255,733.269112706,0.91,1
554,20696.5,0.966981132075,0.835310970516,0.476219512195,749.653888941,0.91,1
555,20717.5,0.966666666667,0.84133687652,0.485984048792,744.825460434,0.92,1
556,20457.5,0.946078431373,0.885855323421,0.519595143757,695.913773656,0.91,1
557,21175.5,0.961538461538,0.878195952812,0.509026442308,715.369617224,0.91,1
558,20782.0,0.941176470588,0.896316738996,0.53058619281,687.327988386,0.9,1
559,21728.5,0.947867298578,0.876803256959,0.514893364929,723.369618654,0.91,1
560,23359.5,0.973214285714,0.842117593128,0.478364596986,793.109731674,0.91,1
561,22167.0,0.952830188679,0.881391646595,0.517630300766,727.612258077,0.91,1
562,22833.0,0.958333333333,0.87787154356,0.510668276973,740.097539425,0.91,1
563,21971.0,0.937198067633,0.910299963083,0.547113900095,694.984841943,0.9,1
564,22607.5,0.952606635071,0.895523862565,0.533057461508,717.712763071,0.91,1
565,22583.5,0.947867298578,0.901608907292,0.535154028436,712.541190743,0.91,1
566,23378.5,0.95871559633,0.875517270385,0.513113998508,757.168606281,0.91,1
567,23108.0,0.948598130841,0.895780431858,0.531927627641,727.612258315,0.91,1
568,23520.5,0.949541284404,0.884029914741,0.521218366352,750.825461864,0.91,1
569,23934.5,0.945454545455,0.889444245008,0.523044143357,755.997033834,0.91,1
570,24294.0,0.945701357466,0.892079459141,0.525969386651,757.068102002,0.9,1
571,24626.0,0.946428571429,0.883079623176,0.518573113208,776.724955916,0.89,1
572,24565.0,0.945454545455,0.901219844442,0.536822552448,749.411248803,0.9,1
573,25231.5,0.964125560538,0.892644870542,0.526259255397,771.653889418,0.91,1
574,25634.0,0.960352422907,0.881332619754,0.518005092349,787.553383827,0.91,1
575,26263.0,0.969827586207,0.868442369365,0.503122605364,822.523945689,0.91,1
576,26339.0,0.956331877729,0.892968535079,0.525193914379,789.553382635,0.9,1
577,26742.0,0.948051948052,0.892188096511,0.528612939572,798.381812334,0.9,1
578,27417.0,0.957805907173,0.877709124187,0.509619137902,827.837654829,0.9,1
579,27527.0,0.949152542373,0.88758121177,0.520713529056,817.352372289,0.91,1
580,27766.5,0.96186440678,0.886216743896,0.51830247144,823.251866937,0.91,1
581,27762.5,0.944680851064,0.899627346404,0.53215449492,808.766586781,0.91,1
582,29246.0,0.955823293173,0.858132094545,0.493503425467,881.092488408,0.9,1
583,29368.5,0.955102040816,0.877982060156,0.512271062271,856.364566445,0.9,1
584,29356.0,0.95020746888,0.898616380254,0.531917592274,833.83765471,0.89,1
585,30038.0,0.958847736626,0.895988065933,0.530528621134,838.666080832,0.9,1
586,30770.5,0.948412698413,0.874149512438,0.510900245733,883.536138058,0.91,1
587,30365.0,0.951612903226,0.885535138858,0.518811509021,867.636643887,0.91,1
588,30227.5,0.963414634146,0.886918120133,0.518464203629,861.050856709,0.9,1
589,31236.5,0.97619047619,0.875536057192,0.503879532843,889.536138535,0.91,1
590,30187.0,0.963265306122,0.88895105457,0.522085783466,858.465070009,0.9,1
591,9169.5,0.56,0.651960605411,0.534664723032,611.345233202,0.82,1
592,9182.5,0.564971751412,0.641482408457,0.518785310734,615.487366915,0.78,1
593,9365.0,0.561797752809,0.648074456607,0.526123595506,622.416300654,0.8,1
594,9475.5,0.564245810056,0.648362922793,0.524116378118,623.487368345,0.8,1
595,9515.0,0.561111111111,0.650087106548,0.523377337734,627.244728208,0.82,1
596,9828.5,0.565217391304,0.649303028015,0.513613085284,637.629504204,0.79,1
597,10030.0,0.56043956044,0.663601173287,0.540293040293,626.901582599,0.79,1
598,10113.0,0.559139784946,0.649434878953,0.522797766749,642.21529007,0.8,1
599,10405.0,0.561497326203,0.660257626371,0.529921059333,643.730008841,0.79,1
600,10638.5,0.56914893617,0.66133092555,0.528857625771,652.801075935,0.77,1
601,10645.5,0.55497382199,0.660104169033,0.525807566927,654.457930923,0.79,1
602,10771.0,0.563157894737,0.664302450572,0.529808165273,659.043717742,0.82,1
603,10907.5,0.5625,0.663856847547,0.526017554012,664.457930565,0.81,1
604,11175.0,0.564766839378,0.669903781615,0.531206921139,665.872143745,0.8,1
605,11463.0,0.564102564103,0.672277281847,0.534405594406,671.185851574,0.78,1
606,11506.0,0.569230769231,0.665202054315,0.531577731578,674.842707396,0.79,1
607,11721.0,0.566326530612,0.676849334891,0.538747931605,671.185853958,0.82,1
608,12107.0,0.562814070352,0.683316397543,0.543207106963,678.842706919,0.81,1
609,12079.5,0.56783919598,0.67913866877,0.537177035621,685.428492785,0.8,1
610,12097.5,0.572864321608,0.676821077113,0.533258397249,689.085347772,0.83,1
611,12315.5,0.57,0.688170537058,0.540153508772,687.4284935,0.84,1
612,12735.5,0.574257425743,0.687402166096,0.54350887675,696.256919384,0.82,1
613,12991.0,0.56862745098,0.692557838295,0.548977349561,690.984843016,0.82,1
614,13223.0,0.570731707317,0.696754132697,0.551302897644,695.327987432,0.81,1
615,13183.5,0.622641509434,0.628219481889,0.471108490566,739.511753321,0.72,1
616,12442.0,0.584112149533,0.611100193462,0.465121495327,742.239675999,0.75,1
617,10705.5,0.585858585859,0.63254453229,0.466105015674,687.570627093,0.81,1
618,10407.5,0.587628865979,0.655528607341,0.470586905408,670.256919622,0.84,1
619,12159.0,0.564593301435,0.632836283692,0.493025707566,713.813268781,0.78,1
620,16514.5,0.618834080717,0.723669504508,0.536638071099,705.36961925,0.81,1
621,14941.5,0.638766519824,0.623979450736,0.453941971745,790.766585827,0.7,1
622,12506.5,0.567441860465,0.62698651112,0.476801372474,736.340180635,0.77,1
623,11441.0,0.581280788177,0.657642118425,0.47762377891,709.955403805,0.81,1
624,12359.5,0.584905660377,0.639047591122,0.470157486306,738.683327794,0.8,1
625,14755.0,0.597345132743,0.645224765414,0.483611930515,778.724956036,0.77,1
626,16750.5,0.648068669528,0.661395401321,0.476096410198,788.624449849,0.71,1
627,15037.0,0.605263157895,0.645738944686,0.477911263666,796.038664222,0.79,1
628,16778.5,0.603448275862,0.697534710661,0.516579433498,788.825463176,0.78,1
629,17265.5,0.611814345992,0.689117720613,0.502415248072,798.967598677,0.75,1
630,16940.5,0.6,0.694083661679,0.511256979025,799.45287931,0.74,1
631,16465.5,0.596566523605,0.685705358935,0.508398431469,800.482317328,0.75,1
632,18625.5,0.620253164557,0.734226862189,0.534616378197,763.997034669,0.74,1
633,17447.0,0.604255319149,0.70521422512,0.52283488163,793.896529913,0.77,1
634,17608.5,0.615062761506,0.68353324528,0.501195457262,827.452878594,0.77,1
635,20549.0,0.633744855967,0.761511235111,0.54911549356,765.754393101,0.77,1
636,17953.0,0.617283950617,0.675000937418,0.492537722908,843.352372408,0.73,1
637,17984.0,0.589211618257,0.702760787391,0.525509905908,826.867092967,0.79,1
638,18584.5,0.614107883817,0.702893340761,0.521041269485,831.796023726,0.78,1
639,18605.5,0.6,0.69514290792,0.516604192697,845.251868725,0.77,1
640,17837.0,0.593360995851,0.693008525388,0.517569567362,849.494509459,0.75,1
641,18985.5,0.627530364372,0.687083813379,0.495899177223,853.737149477,0.73,1
642,23283.5,0.669291338583,0.762668280118,0.539219546086,806.967598438,0.75,1
643,21218.5,0.666666666667,0.691246414219,0.489469434833,881.05085516,0.69,1
644,20732.0,0.641732283465,0.698599899926,0.500748756099,877.29349649,0.73,1
645,18501.0,0.610878661088,0.692260198341,0.530205766034,861.695516944,0.75,1
646,21530.5,0.645161290323,0.733465053966,0.542603326613,843.452877998,0.74,1
647,21837.0,0.653386454183,0.727718068057,0.530487804878,850.038664579,0.71,1
648,22249.0,0.677165354331,0.708239823304,0.509270280168,874.666082382,0.7,1
649,24389.0,0.694980694981,0.740890378538,0.523144573145,861.293498158,0.71,1
650,23676.0,0.692307692308,0.710660201076,0.505897435897,897.29349637,0.68,1
651,21472.5,0.654901960784,0.690422981333,0.504226840437,909.879284263,0.71,1
652,21651.5,0.633466135458,0.723731049007,0.542521736952,882.423440456,0.77,1
653,22045.5,0.640625,0.708482635552,0.52509289253,907.879284382,0.72,1
654,23283.0,0.662835249042,0.712846731024,0.515646800877,919.778779387,0.71,1
655,24026.5,0.67803030303,0.716599308897,0.508432791603,920.021419525,0.72,1
656,25376.5,0.695167286245,0.715203695686,0.504472894261,942.163555741,0.71,1
657,27959.0,0.712177121771,0.759002617624,0.534558247137,903.293497324,0.7,1
658,25560.0,0.697080291971,0.693811073035,0.488401421638,979.862038612,0.7,1
659,24903.0,0.674074074074,0.708861117791,0.506776556777,956.891477346,0.71,1
660,24087.0,0.665413533835,0.700641387202,0.511596788582,965.234622598,0.72,1
661,27663.5,0.685512367491,0.729801741885,0.50387053295,985.619400144,0.73,1
662,24308.5,0.649819494585,0.693379540495,0.487535098275,1003.07524216,0.74,1
663,24679.5,0.651079136691,0.693078897755,0.49047060694,1000.58996141,0.75,1
664,32346.5,0.747508305648,0.718077075172,0.47761535622,1044.18793905,0.73,1
665,29301.0,0.711409395973,0.689402850008,0.463799544131,1064.08743715,0.73,1
666,25982.5,0.670212765957,0.699065041504,0.487494840332,1031.56052279,0.73,1
667,25004.0,0.639575971731,0.695067200314,0.488140093317,1034.63159311,0.77,1
668,28223.5,0.667808219178,0.712444779219,0.49567088163,1052.53108907,0.74,1
669,30852.0,0.706666666667,0.709355526845,0.485094339623,1058.63159227,0.73,1
670,35608.5,0.74025974026,0.759275447227,0.507070232399,1014.73209703,0.75,1
671,29145.0,0.69,0.687163283655,0.469323671498,1105.54327869,0.74,1
672,27665.5,0.656462585034,0.699365486882,0.487566529202,1077.50164914,0.75,1
673,29464.0,0.673333333333,0.709044746757,0.486204620462,1103.88642621,0.74,1
674,33378.0,0.741935483871,0.701491124278,0.468134642356,1137.54327893,0.76,1
675,38667.5,0.77399380805,0.734076885175,0.478854489164,1116.81535709,0.75,1
676,35108.5,0.75873015873,0.708382513224,0.466341236634,1109.30063784,0.74,1
677,31616.5,0.697749196141,0.690248773177,0.468482818913,1158.7564826,0.76,1
678,29991.5,0.679867986799,0.705333833387,0.480494408664,1132.27120161,0.73,1
679,32079.0,0.691318327974,0.708998683385,0.479757720781,1156.99912488,0.76,1
680,37580.5,0.753086419753,0.718845041568,0.475365563651,1160.75648069,0.77,1
681,41357.5,0.806547619048,0.688076064473,0.454198515199,1276.57985544,0.78,1
682,41009.5,0.804733727811,0.690076142038,0.446065741385,1263.95244002,0.79,1
683,37332.5,0.747720364742,0.700093763338,0.461270912101,1220.01131427,0.77,1
684,32890.0,0.683544303797,0.713743189788,0.481862400375,1177.62653971,0.75,1
685,34412.5,0.703125,0.711281286639,0.477951388889,1208.21232557,0.77,1
686,40528.5,0.774096385542,0.724836354536,0.474995311987,1215.32502496,0.78,1
687,44878.5,0.828571428571,0.696298076589,0.44215270936,1314.09457445,0.8,1
688,44272.0,0.843195266272,0.70290309409,0.459586836915,1265.0823822,0.81,1
689,37563.5,0.750788643533,0.71985550435,0.497885905151,1231.86917973,0.75,1
690,38373.5,0.71686746988,0.734575698741,0.485642148426,1211.38389742,0.76,1
691,42533.0,0.800595238095,0.713874504722,0.470581076297,1301.50879145,0.77,1
692,48236.0,0.845272206304,0.719226438357,0.468515370793,1306.3372159,0.81,1
693,46470.0,0.838150289017,0.70749977055,0.463125373729,1306.96463311,0.8,1
694,42415.5,0.749271137026,0.72371519123,0.481168676476,1281.81030464,0.77,1
695,9357.0,0.582417582418,0.617216354768,0.485019697284,626.073153973,0.78,1
696,7950.0,0.574712643678,0.578013664548,0.456896551724,601.931018829,0.75,1
697,7894.0,0.57225433526,0.586130081778,0.460909674783,593.445737958,0.78,1
698,10433.0,0.578125,0.619941763504,0.489536411411,660.357426167,0.77,1
699,10410.0,0.580310880829,0.613760977456,0.481587712805,661.185853004,0.76,1
700,10500.5,0.582474226804,0.612024243096,0.478993704954,669.771639347,0.75,1
701,10385.0,0.588541666667,0.606511896005,0.478659660767,668.357426405,0.72,1
702,10816.0,0.581632653061,0.616700398457,0.484067311135,673.671133399,0.77,1
703,10891.0,0.584615384615,0.619792848738,0.489923526766,672.357425332,0.77,1
704,11676.5,0.592964824121,0.635957622963,0.497253215229,687.428492188,0.74,1
705,11635.5,0.592039800995,0.624523640038,0.486454283206,692.399055362,0.76,1
706,11502.0,0.594059405941,0.610493348847,0.474504950495,702.984842062,0.77,1
707,11874.5,0.590243902439,0.616809076608,0.478713968958,711.712763071,0.76,1
708,11861.5,0.587378640777,0.617031234598,0.47586857097,710.54119122,0.75,1
709,11739.0,0.587378640777,0.613050627396,0.470954023911,711.126977444,0.75,1
710,12366.0,0.589371980676,0.632176265875,0.489665003564,715.813268542,0.78,1
711,12503.5,0.583732057416,0.631713228759,0.490371793866,718.055908203,0.79,1
712,12759.0,0.587677725118,0.625502497179,0.487654792845,725.61225903,0.74,1
713,14446.0,0.59649122807,0.631243169625,0.465879772962,776.867092609,0.75,1
714,13987.0,0.583333333333,0.618059695464,0.461251813745,776.867093682,0.76,1
715,12399.0,0.574074074074,0.632537492947,0.46292562724,728.097540021,0.8,1
716,11815.5,0.59512195122,0.670592237745,0.472431027589,685.227483392,0.81,1
717,12308.0,0.581395348837,0.63293221931,0.457972093023,723.612261176,0.79,1
718,14488.5,0.604347826087,0.615249052549,0.453190491085,797.109733224,0.74,1
719,15527.0,0.638655462185,0.603599748859,0.429207209199,835.778777599,0.71,1
720,14919.0,0.602564102564,0.614203373346,0.452173122386,810.523947358,0.74,1
721,13766.0,0.574561403509,0.625045402175,0.46089460292,781.896531343,0.77,1
722,13207.0,0.586363636364,0.642160792346,0.465362931642,750.582822919,0.78,1
723,15469.5,0.612765957447,0.620069742584,0.457136524823,815.595013618,0.74,1
724,16298.5,0.614754098361,0.621037187086,0.44531420765,842.56557703,0.73,1
725,16390.0,0.609053497942,0.627584620051,0.455733511289,843.979790211,0.74,1
726,15181.0,0.59243697479,0.612940342736,0.452380952381,829.352373719,0.75,1
727,15029.0,0.586497890295,0.624750579378,0.456212245394,817.83765614,0.76,1
728,15229.0,0.577405857741,0.623513273052,0.461736704869,829.009229422,0.77,1
729,16432.5,0.616326530612,0.614310545564,0.444181646168,853.050858259,0.74,1
730,17580.5,0.641434262948,0.614348363307,0.43504243894,886.849847198,0.72,1
731,17384.0,0.630522088353,0.617559812368,0.444683191364,878.465070844,0.75,1
732,16255.0,0.590163934426,0.630221961306,0.462630919854,851.979789853,0.77,1
733,17098.5,0.618473895582,0.619252845303,0.445900485057,879.050857902,0.75,1
734,18858.5,0.65,0.612358545249,0.429187528448,923.477264762,0.74,1
735,21155.5,0.656488549618,0.665225455427,0.469454553524,889.536138296,0.72,1
736,18204.5,0.618677042802,0.619348142009,0.445500819813,901.678275466,0.76,1
737,16881.5,0.596774193548,0.634189862,0.459936246731,869.192991853,0.76,1
738,17251.0,0.592885375494,0.633273372368,0.454571805007,884.607206583,0.79,1
739,18546.5,0.621621621622,0.6193624852,0.444770857814,917.477264524,0.75,1
740,20335.5,0.644194756554,0.632067259404,0.442807682258,939.477263808,0.74,1
741,20960.5,0.657992565056,0.628792990359,0.440226408754,947.962545276,0.73,1
742,19908.5,0.645283018868,0.624590187691,0.439335760786,966.305691361,0.75,1
743,19386.5,0.643939393939,0.616844581775,0.431963012478,955.276254296,0.74,1
744,20672.0,0.635687732342,0.634071527409,0.449401073936,978.690467,0.75,1
745,21330.0,0.638376383764,0.643662203649,0.454962353092,970.54832983,0.75,1
746,20364.0,0.634686346863,0.619663449412,0.436883206041,971.175750017,0.76,1
747,20720.0,0.661764705882,0.615485153157,0.423202614379,988.631593227,0.73,1
748,22851.0,0.675,0.631208218797,0.431802721088,1009.3178848,0.74,1
749,25267.0,0.667844522968,0.682873434008,0.472395161441,954.20518589,0.75,1
750,23433.0,0.672597864769,0.644215038986,0.441224651189,999.317884326,0.74,1
751,21730.5,0.676363636364,0.625050334738,0.424838709677,1006.38894928,0.73,1
752,23035.5,0.664285714286,0.639821679749,0.442309907834,1027.21737814,0.74,1
753,25549.0,0.678200692042,0.660607625958,0.451045123932,1008.97473645,0.72,1
754,24659.5,0.671280276817,0.645215728708,0.439829843399,1039.70265901,0.74,1
755,23304.5,0.686411149826,0.612639491548,0.412184509807,1090.47221363,0.74,1
756,26363.0,0.703071672355,0.649590970211,0.436777229199,1051.74428964,0.72,1
757,28486.0,0.701342281879,0.668512823758,0.457371311133,1040.08743489,0.73,1
758,24418.5,0.671186440678,0.609609045812,0.418053415511,1123.92805576,0.75,1
759,23232.0,0.677304964539,0.635179284944,0.431324495934,1044.57271814,0.75,1
760,24428.0,0.686411149826,0.640146748847,0.432055749129,1061.88642693,0.75,1
761,26884.5,0.694915254237,0.647866109242,0.444555601488,1078.33007705,0.72,1
762,30674.5,0.705882352941,0.682102710261,0.464090111353,1061.15850329,0.73,1
763,26904.5,0.70297029703,0.619384171236,0.416871968887,1147.72704577,0.74,1
764,25964.0,0.684563758389,0.633956365729,0.427095670483,1118.51384306,0.75,1
765,27469.5,0.68954248366,0.623945212152,0.425448378403,1161.72704387,0.75,1
766,32815.0,0.727564102564,0.691672110339,0.463331638992,1096.71485043,0.71,1
767,33512.0,0.714743589744,0.718470953684,0.481660342647,1059.25900733,0.74,1
768,28211.0,0.697674418605,0.659097013821,0.446305964246,1101.54327834,0.76,1
769,28974.0,0.694805194805,0.667649836008,0.43958611482,1112.17069781,0.79,1
770,31436.0,0.730407523511,0.629576222403,0.422941865002,1204.31283009,0.78,1
771,36449.0,0.751533742331,0.700982747657,0.456354075372,1140.71485221,0.74,1
772,35806.5,0.736842105263,0.705908444315,0.465781668705,1123.30063701,0.74,1
773,31514.0,0.722929936306,0.670403657564,0.442128005836,1175.14125919,0.76,1
774,32341.5,0.719626168224,0.67067240257,0.436157300643,1217.0407536,0.78,1
775,35176.5,0.743827160494,0.688250830193,0.450495620101,1162.41333532,0.76,1
776,38214.5,0.751515151515,0.708804761827,0.466941593353,1168.89861679,0.76,1
777,36767.0,0.782874617737,0.663197386924,0.439208237768,1222.94024777,0.75,1
778,34203.5,0.746951219512,0.664584384517,0.425628422101,1226.49659622,0.78,1
779,36311.5,0.753753753754,0.669935332657,0.43443642846,1287.9524411,0.75,1
780,42151.5,0.768328445748,0.721414022623,0.471799377672,1187.72704601,0.75,1
781,42955.0,0.802985074627,0.720999713445,0.476668701104,1187.3422693,0.76,1
782,39180.5,0.784431137725,0.663446558075,0.447736206975,1288.98187578,0.76,1
783,37813.0,0.763313609467,0.675340678546,0.433615430485,1250.3960954,0.78,1
784,38710.0,0.748538011696,0.681550080671,0.442137244152,1271.36665308,0.79,1
785,38963.0,0.791411042945,0.67618270682,0.463249631426,1246.39608943,0.76,1
786,44927.5,0.810975609756,0.747415175806,0.514940170548,1168.75648296,0.73,1
787,46117.0,0.830303030303,0.737217349814,0.5100309666,1188.85698783,0.81,1
788,44866.5,0.821538461538,0.745618917388,0.517044079516,1166.47221041,0.72,1
789,41575.5,0.807807807808,0.69617963865,0.464131417663,1319.26615107,0.76,1
790,42308.0,0.817142857143,0.682068063838,0.422657342657,1357.10677099,0.82,1
791,41121.0,0.829787234043,0.684112894709,0.457830922877,1358.13620543,0.73,1
792,45044.5,0.878787878788,0.705833038421,0.470684430512,1289.95243943,0.72,1
793,48441.5,0.918128654971,0.68414882928,0.451088576005,1376.17783475,0.72,1
794,47494.5,0.833810888252,0.703163862515,0.467654269932,1332.09457242,0.77,1
795,46940.5,0.861971830986,0.689814541662,0.432113596612,1453.29053593,0.76,1
796,46750.0,0.866477272727,0.691256162987,0.435450819672,1458.07733142,0.76,1
797,50618.5,0.895209580838,0.765103764015,0.506864198025,1252.69760489,0.74,1
798,51145.0,0.867647058824,0.750223694497,0.509920239282,1272.99912286,0.73,1
799,49909.0,0.891061452514,0.667902307571,0.437023869985,1468.70474625,0.77,1
